5.683358311064728952e+01
5.707466034662701304e+01
5.916477832682252824e+01
6.083599503394335528e+01
6.178675197388951545e+01
6.257538630047667993e+01
5.666477751191700918e+01
5.988597828027255332e+01
6.008934480223830121e+01
6.121933672483456235e+01
6.151549939212323181e+01
6.417829283326418022e+01
6.331328761310328446e+01
6.195821366896296212e+01
5.976148251297777136e+01
5.857142212807471537e+01
5.762888430274665552e+01
5.179797562461479288e+01
5.308301583611483920e+01
5.300152126126306484e+01
5.535119756090901433e+01
5.515873094522161324e+01
5.164378866350239861e+01
4.779879900844444052e+01
4.686054365779894937e+01
4.839136483149536616e+01
4.800431689692598525e+01
4.911052400461375811e+01
5.062677590867405542e+01
5.004066790225206063e+01
4.916363175574471711e+01
5.492799887516867585e+01
5.840521654949520780e+01
6.294544529709939695e+01
6.606132345968190123e+01
6.713904332505910588e+01
6.728943538246107892e+01
6.658838545602459646e+01
6.747294626780195870e+01
6.314827320608747385e+01
6.321461440550761068e+01
6.240839689040019067e+01
5.748920071155987443e+01
5.674854714221942231e+01
5.396323034145664366e+01
5.229133323277803669e+01
5.135285401931393778e+01
4.728222365130190497e+01
4.771518869814301667e+01
4.628654753241072939e+01
4.515534379086983563e+01
4.589178599589633478e+01
4.402191748498927382e+01
4.284651533832081327e+01
4.406545866886898466e+01
4.277061163763875840e+01
4.310275180263506201e+01
4.255542992800154423e+01
4.136756066421455813e+01
4.159132846784335413e+01
4.165002854552741240e+01
4.488334902737042142e+01
4.459975831642524469e+01
4.474750030791892641e+01
4.668791332666699390e+01
4.533897933967069349e+01
4.526716218936635983e+01
4.429178662467064242e+01
4.460301990292839491e+01
4.427686458969262162e+01
4.696352330551579968e+01
4.879805872204865835e+01
4.963251369198175666e+01
4.744784823778028482e+01
4.787388027750048991e+01
4.874827023955018745e+01
4.791804036385366317e+01
4.759677679336318334e+01
5.042472704861746990e+01
5.152681503741593616e+01
4.970212170852985167e+01
4.949987821223180617e+01
5.329474153787468538e+01
5.351821809664676266e+01
5.389638359089832420e+01
5.153185154168556892e+01
5.337171106719856795e+01
5.269674957368726353e+01
4.969280575812759793e+01
4.997876459882236588e+01
5.101582589221361275e+01
5.252125807290713766e+01
5.185338008023649792e+01
5.225222312349098530e+01
5.215801080102160370e+01
5.558959677545357181e+01
5.644441167988766495e+01
5.694606158228895509e+01
5.579303004248568953e+01
5.866756343391313067e+01
5.893128959251346544e+01
5.600602187259362807e+01
5.472280091019509030e+01
5.426011084446718513e+01
5.273839834944226368e+01
5.337936014692596842e+01
5.331512075157491637e+01
5.707827071422741483e+01
5.682368573318304072e+01
5.385604935903882762e+01
5.646827835901182624e+01
5.499088580785187474e+01
5.589739045447035437e+01
5.679718826425402511e+01
5.494235156100895523e+01
5.314783285245909639e+01
5.365859717863208544e+01
5.654909793928474215e+01
5.803720369387031042e+01
5.778692590361604431e+01
6.020303786343107788e+01
5.923644003906145628e+01
5.605881486799349744e+01
5.594447843088693872e+01
5.702752550633073270e+01
6.164056829137383176e+01
6.286078635343979926e+01
6.138356929850122157e+01
5.426840246855606154e+01
5.862966767366125254e+01
5.578668502416183372e+01
5.580525823905291105e+01
5.299918061124888879e+01
5.427625538200842215e+01
5.297977344267123101e+01
5.031515375269596291e+01
5.028395686639492368e+01
5.077803042051650806e+01
5.070953959112478060e+01
5.320544496936336287e+01
5.341111306255290003e+01
5.301001032825094939e+01
5.232491111259928829e+01
5.108957348307923496e+01
5.631707980983881612e+01
5.635264178756354880e+01
5.698209443253749384e+01
5.858870467235634294e+01
6.270707721646004984e+01
6.492921688943694392e+01
6.751640498507454424e+01
6.850315249078001045e+01
6.930648428517383763e+01
6.683036752449156381e+01
6.590485871365463311e+01
6.385017778085272511e+01
6.027699990179024780e+01
6.048208352352747141e+01
5.867788639669383599e+01
5.889054728561408325e+01
5.763582168227328140e+01
5.885242201197871736e+01
5.660855516124166797e+01
5.509184983558185422e+01
5.993063909600421368e+01
6.430273438661271257e+01
6.200784117181055421e+01
6.402494756186636948e+01
6.062910574488579840e+01
6.229235405887287413e+01
6.410377793412783376e+01
6.494677502910398914e+01
6.413667197027665168e+01
6.700113281213209859e+01
7.200520323300155212e+01
7.691753053736486834e+01
7.285467739465738646e+01
7.057440749394187662e+01
6.945324387417578293e+01
6.195613684803082322e+01
6.098284979025959274e+01
5.742672758625689511e+01
5.875988127189395982e+01
5.907258597332875638e+01
5.906946509466331463e+01
5.768179873654302980e+01
5.722014010125901962e+01
6.070627061248948309e+01
5.561176120071538520e+01
5.705162421611291990e+01
5.873795307418935607e+01
5.317423932868355507e+01
5.310487296384071954e+01
4.849598708481860854e+01
5.159531778791115642e+01
5.021133575899470713e+01
5.052773460548883122e+01
5.131944271668955082e+01
5.099853679684070329e+01
5.186904896759958916e+01
5.116566889448810684e+01
5.248559546309610369e+01
5.356909723065147944e+01
5.489159013690144207e+01
5.230513077238865804e+01
5.248116314059977583e+01
5.151225529285152760e+01
5.132786464532775028e+01
5.116616161553275788e+01
5.186657540182719828e+01
5.343039667551781235e+01
5.103096441150937324e+01
5.479910290858233424e+01
5.919135189697157529e+01
5.916180563056041564e+01
5.970228008442912682e+01
6.479449526356850697e+01
6.462658313843728308e+01
6.882755144501780364e+01
6.473533946189937183e+01
6.891809939560430109e+01
6.682417148537828666e+01
6.790760650073400484e+01
6.993926365474892748e+01
7.022428157370116253e+01
7.138114949866627512e+01
7.314467916125330760e+01
7.400523743500636442e+01
7.613145343689598121e+01
7.660757938645910770e+01
7.755473671227488808e+01
7.678541372001012633e+01
7.510417957528035515e+01
7.037099205225182175e+01
7.027262103138320981e+01
7.210150855635940559e+01
7.466283046525479961e+01
7.505442531330267286e+01
7.543299052517943437e+01
8.089480026924169920e+01
7.651756171153421349e+01
7.380853615278944346e+01
7.549160569343800375e+01
7.089784997900109431e+01
7.312196722892333867e+01
6.913347213425937809e+01
6.589902950784674829e+01
6.812512530643542163e+01
7.188277378729013378e+01
7.175259209703638419e+01
6.974910173942737401e+01
6.929903370649974192e+01
7.396050372421781560e+01
7.874513884477805448e+01
7.768144992192809184e+01
8.289381492002114271e+01
8.183861418057411186e+01
8.204223291961095299e+01
7.663826790091682994e+01
7.831450503327980073e+01
7.761674378224648763e+01
7.676724565945271195e+01
7.291110057949339307e+01
7.428480311560389282e+01
7.152920822817698365e+01
6.958724817904668214e+01
6.825120566010204470e+01
6.812663388774461737e+01
6.805578603137466587e+01
7.129448926231619055e+01
7.438841676146012105e+01
6.915481293455414402e+01
6.787210762464955849e+01
7.091819626943826904e+01
6.984290006878171653e+01
6.898337924700931012e+01
6.778749534081211436e+01
6.611977265286871841e+01
7.065003572930801568e+01
6.780894466010394694e+01
7.071721708024551845e+01
6.974930780135912300e+01
6.810604215927018856e+01
6.795331464874372784e+01
6.618301588669125124e+01
7.000462087638852893e+01
6.751444259205614173e+01
6.737648901227014164e+01
7.354979472152396625e+01
7.241323741657438973e+01
7.087137626599816542e+01
6.648813918062369055e+01
6.551293508257218434e+01
6.734882983482243901e+01
7.176032101760175408e+01
6.707504238508032302e+01
6.611927015591291479e+01
6.592610056633220950e+01
6.760311380005569504e+01
6.300543311452145190e+01
6.405398666904042670e+01
6.575209190634618039e+01
6.325598386998145628e+01
6.054774410225787307e+01
6.322362823715934610e+01
5.931997021994306607e+01
5.865364962789762160e+01
5.752241584539285668e+01
5.642118250100662635e+01
5.315486651881078473e+01
5.390633079773265735e+01
5.648880204278871986e+01
5.799998740674585207e+01
5.595250665746109320e+01
5.633293022885279555e+01
5.980685681724983738e+01
5.890870995681032696e+01
5.754095856140739329e+01
5.580013618694759003e+01
5.597437080418988131e+01
5.850281764197937662e+01
5.507967148879696140e+01
5.591176046900664431e+01
5.437689667666752769e+01
5.261049043644833034e+01
5.636501146914585547e+01
6.071486993816615296e+01
6.328721023656191136e+01
6.225129145938885245e+01
6.272039522726561245e+01
5.949645806135872306e+01
5.887795560442965837e+01
5.775824041366632855e+01
6.223166212829345056e+01
6.398076124966818412e+01
6.725693601209238182e+01
6.557756219804691966e+01
6.575230832271900283e+01
6.509189062748036747e+01
6.181313412191583012e+01
5.922995102700863157e+01
6.164572442687418175e+01
6.083781573740380111e+01
6.422468559342284777e+01
6.108648682039469691e+01
6.134784376333919198e+01
6.119425364940854450e+01
6.376911821963119564e+01
6.279388218791662979e+01
6.333960463464813984e+01
6.536920855929935215e+01
6.829658036713831848e+01
6.782561025565489388e+01
6.961207598772212179e+01
7.234004861783854778e+01
7.315214518171335101e+01
7.400505723418888238e+01
7.288355311295627814e+01
7.159124998041623655e+01
7.571079096119470364e+01
7.571684589393886711e+01
7.453649388612258520e+01
7.339970957347610181e+01
7.134830153533759756e+01
6.229261531989498479e+01
6.375781963029660915e+01
6.587826620378928055e+01
6.990872540833522919e+01
7.216334682608406581e+01
7.009903069018908184e+01
6.839535665783850504e+01
6.447811680993910954e+01
6.285022172298797472e+01
6.446528822585756302e+01
6.500186881305322117e+01
5.922588007217444073e+01
5.804265834779882738e+01
5.688159527813143512e+01
5.825325449626122776e+01
5.717893777487681461e+01
5.747650696643641055e+01
5.727327183190986659e+01
5.328735714588356842e+01
5.481871590891058332e+01
5.572594223572426841e+01
5.499091117889296498e+01
5.553591535806544499e+01
5.292690092950108749e+01
5.512746063754708103e+01
5.684281921496025092e+01
5.606513488917424581e+01
5.719249740032372387e+01
6.011132720619860947e+01
5.798488807291776936e+01
6.203172444841263911e+01
6.007154808479015173e+01
6.351602818997618982e+01
6.354905252672539007e+01
6.266238580251683032e+01
6.017347983781662180e+01
6.144566595907591022e+01
6.225204931293200161e+01
6.270958561075156013e+01
6.426292807419265785e+01
6.320723003718391197e+01
6.250532591262393112e+01
6.286836107046423194e+01
6.499963944014234585e+01
6.442398579043960183e+01
6.656181868316704708e+01
7.261668497832251035e+01
7.965229202307452283e+01
8.132585288052131034e+01
8.341529842852324350e+01
8.646507494361601687e+01
8.327622486674661673e+01
8.441670927731802010e+01
8.668486939760428811e+01
9.715074014856153894e+01
9.400095104666601742e+01
9.808553604838996876e+01
9.766299877664819462e+01
9.654910757331312254e+01
9.728334914711719250e+01
9.725389523760527766e+01
9.226565752779293916e+01
8.940810347599516206e+01
8.808387291492523730e+01
8.403353059680756587e+01
8.834739789274799193e+01
8.440096861926117811e+01
8.398393701716111082e+01
8.752720942081394639e+01
8.126364339940404591e+01
7.991557588457955319e+01
8.129299962602316043e+01
7.497196790150620416e+01
7.721896630502173764e+01
7.359128083671515697e+01
7.306293695071258298e+01
7.228897271443449313e+01
7.651567052969663507e+01
7.909674518354198369e+01
8.716174512630885829e+01
9.107994907178675703e+01
9.149705031756892026e+01
9.670750387166064854e+01
9.269948255762841427e+01
9.690676529940189710e+01
1.014456059036583042e+02
9.994626749914255015e+01
1.052596246500015553e+02
1.009959618368789620e+02
9.524761779227812042e+01
9.653819327769579672e+01
9.316092573663387100e+01
9.382351432836507854e+01
9.689943738540829088e+01
1.038089837341785682e+02
1.057565836338912533e+02
1.103012752572959272e+02
1.144346748457998189e+02
1.099134559726262239e+02
1.093400712219362561e+02
1.090940970894084785e+02
1.087110296918739891e+02
1.091955741651522942e+02
1.065283110593259863e+02
1.073699574750937131e+02
1.064659631793780079e+02
1.047085092483259956e+02
1.017161225154427626e+02
9.698598610170554934e+01
9.140740248090732223e+01
8.801372668149377887e+01
8.835753318038698012e+01
8.951702251763335028e+01
8.541727473870196263e+01
9.043550062477721951e+01
8.816829827350518656e+01
9.368837780333332432e+01
9.854914661211232385e+01
1.032695952366619139e+02
1.033017199663128309e+02
1.034738506104932583e+02
1.016072237490512435e+02
1.045711394087092430e+02
1.109728462679938588e+02
1.148467554085319762e+02
1.091288040742901160e+02
9.959481644813632784e+01
1.008318906322933231e+02
1.033582800054197293e+02
1.025512671957340984e+02
1.028756873311107682e+02
1.068875131461489332e+02
1.033152074788627459e+02
1.035088253945743304e+02
1.020592498646486774e+02
9.875071941149232657e+01
1.062718806805534513e+02
1.017346632693519837e+02
1.031766293719104510e+02
1.073044969730770646e+02
1.078110426192051534e+02
1.037264819214973670e+02
1.000956708534247497e+02
1.052593058286191905e+02
1.102027403152127079e+02
1.183631793452723997e+02
1.195398100698692190e+02
1.189097627491218674e+02
1.163518177775818714e+02
1.112248872032216269e+02
1.060915243069202347e+02
1.038732715830498279e+02
1.002554522154638761e+02
9.911230647815281714e+01
1.016579620173549898e+02
9.605507622361805886e+01
9.475398967911458215e+01
9.788483210452491790e+01
9.036205011000021159e+01
9.359154186877944426e+01
1.022468923663309965e+02
9.876680554846402060e+01
9.898167273827480983e+01
1.004333490470780106e+02
1.011710219780124618e+02
9.419786998757602703e+01
9.544610709305088392e+01
9.880357668874432875e+01
9.700851038167918716e+01
9.449021419635967334e+01
8.328763094830583213e+01
8.238973427411416139e+01
7.800975444562044459e+01
7.868651003034783287e+01
8.332263831030708445e+01
8.511036688367958902e+01
7.943702718954546071e+01
7.902749112251642316e+01
8.062885858037820697e+01
7.890550878193867845e+01
7.884397600933544936e+01
7.913551712499527468e+01
7.994390604996463878e+01
7.819856816673998878e+01
7.591107337817950906e+01
7.785718088248135871e+01
7.683633031611736897e+01
7.457110375810890446e+01
7.264087191864120996e+01
6.900629468796786625e+01
7.074809980743697224e+01
7.237400440161505344e+01
7.845596535372148139e+01
7.533357325966977669e+01
8.099661027983439965e+01
7.897035768279447154e+01
7.923861587970976927e+01
7.676926883488771125e+01
7.789147751194587954e+01
7.638160757575514026e+01
7.466902744200702102e+01
7.821760526403032543e+01
8.338349335677003182e+01
8.320275939448114855e+01
8.329040833398588006e+01
8.330112042147642626e+01
7.749918996904582968e+01
7.450377284662225463e+01
7.541717690408707142e+01
7.548305746902124724e+01
7.873454014026539483e+01
8.210180601612719897e+01
8.449793749698649492e+01
8.599527074748387179e+01
8.514052698965248567e+01
8.214296241743659266e+01
8.429275770773084275e+01
7.927646464307532881e+01
7.774624778892722077e+01
8.108123229325825321e+01
7.689484739654172074e+01
7.519090016127893250e+01
7.758849828563675999e+01
7.743011045460600883e+01
7.937551644841285281e+01
8.255216901718603140e+01
8.073123149043060209e+01
7.880689042700707603e+01
8.022228218031104063e+01
8.115487290476666260e+01
8.091558203658992454e+01
8.212368861193780845e+01
7.904752963224937901e+01
7.610372373025407455e+01
7.528060412880181218e+01
7.165159960097213343e+01
7.252706835841428301e+01
7.472067961876653897e+01
7.567727053999405484e+01
7.465203226378712031e+01
7.957701085759921966e+01
7.718418814766668845e+01
7.927294306369869048e+01
8.124905718141066302e+01
8.120685450780933934e+01
8.286378026148369713e+01
8.126740867055737283e+01
8.094766459432703698e+01
7.507587516025424179e+01
6.923392490620605599e+01
6.968754952163239125e+01
6.649693571947634041e+01
6.309794758029557471e+01
6.766014013001606031e+01
7.040986878771499846e+01
7.194276675924847098e+01
7.028421714361766703e+01
7.231152755966630252e+01
7.349499239302838305e+01
7.613039678589753123e+01
7.944116617742409403e+01
8.136652443188894779e+01
8.141250882119653909e+01
8.305198004681210477e+01
7.636670559844331763e+01
8.038615589020515984e+01
8.253823777075704982e+01
8.291896470849628997e+01
8.361105925229337288e+01
8.096028088927198496e+01
8.057765582857743425e+01
8.079285841684219349e+01
8.177346289564309245e+01
8.209566929646791777e+01
8.119211528387936028e+01
8.278038916165735372e+01
8.003119450725979789e+01
8.673951570119884025e+01
8.521761235804397927e+01
8.790012909151683118e+01
8.784389641234787405e+01
9.197526897331718487e+01
9.929674939700994685e+01
9.366898118991639421e+01
9.550346133441782115e+01
9.137305736910305143e+01
9.117725011517048017e+01
9.071096835167642780e+01
8.424819349115438172e+01
8.312694395386519375e+01
7.864922520581269794e+01
7.805306420187986305e+01
7.829980168699347587e+01
8.138613640125842608e+01
7.537470595697259057e+01
7.500436878273967523e+01
8.093292250117148967e+01
7.749479103320209106e+01
7.961132996363792813e+01
7.537491820552446598e+01
7.860726997970664343e+01
8.037264543083799140e+01
7.892386919474066076e+01
8.392256557759853308e+01
8.115852636295501554e+01
7.567345732465622632e+01
7.392774174832798906e+01
7.211673637573115059e+01
7.178809664312065308e+01
7.097509111138232640e+01
7.313436108334947505e+01
7.450304035309657991e+01
7.626986066999359082e+01
7.692956348214109141e+01
7.643578923945749182e+01
7.364472982679691881e+01
7.345958830081565338e+01
7.746209843767059056e+01
7.573893924417049561e+01
7.144473800008920250e+01
7.492247943959135625e+01
7.611687970390592284e+01
6.970526541424447942e+01
6.747529065305948848e+01
6.879382088204459933e+01
6.777130081872734024e+01
6.632834332823857437e+01
6.815878863636805818e+01
6.967599324092503821e+01
6.418303309508624466e+01
6.966961808266654543e+01
7.134477664872188996e+01
7.440349436165215025e+01
7.364123761983762506e+01
7.640402317474926974e+01
7.838910032401432204e+01
7.772917075179937285e+01
7.833091933511327909e+01
8.102869745256265333e+01
8.031483705791872296e+01
7.778124071247619042e+01
7.550592287836464322e+01
7.538453043941588305e+01
7.934262258745336283e+01
8.728884431168978608e+01
8.748377931918331285e+01
8.690385879009627956e+01
9.115614309136948634e+01
9.452349247745232219e+01
9.018628957360023435e+01
9.718244042156061369e+01
1.009124175818255083e+02
9.981366698567717322e+01
1.020162973367941248e+02
1.024725300712670588e+02
1.069843354243778748e+02
1.118288146278960653e+02
1.111790145365492037e+02
1.112304692626253200e+02
1.143378281826987717e+02
1.215938301745462979e+02
1.167243692382855613e+02
1.196068209635560180e+02
1.271195251714050869e+02
1.244837177752553998e+02
1.301223481042385117e+02
1.324992035504731689e+02
1.287174228895309227e+02
1.339339785330530503e+02
1.415916395840641542e+02
1.372633719159518080e+02
1.423671224109844786e+02
1.467423026390517293e+02
1.404374220772700141e+02
1.395902216521607500e+02
1.427696568730655429e+02
1.499065024302037443e+02
1.461865350681761129e+02
1.384544368016628084e+02
1.405101984787810352e+02
1.317223797235103859e+02
1.313731993009676842e+02
1.248454035291206878e+02
1.212945142344788394e+02
1.204914184787775184e+02
1.149511918125601966e+02
1.122869120779711665e+02
1.131050433432729818e+02
1.230208030484751447e+02
1.302083914201871835e+02
1.267875068760624941e+02
1.267744022470344163e+02
1.319247859941134777e+02
1.252839486327187615e+02
1.228879528787781794e+02
1.220463870644499167e+02
1.346391099445675366e+02
1.445325436301551463e+02
1.399405861207011696e+02
1.321011780064200423e+02
1.317140950022999277e+02
1.354245840931228884e+02
1.427668322399454155e+02
1.460448057417873144e+02
1.409771270299920332e+02
1.474068253323800661e+02
1.487274423523038536e+02
1.489182235180720681e+02
1.407714866257544202e+02
1.363141280686906214e+02
1.379491693107207197e+02
1.296896410438651230e+02
1.276644788716869243e+02
1.202744763139907747e+02
1.231873325414581046e+02
1.296962206682012209e+02
1.332674705605306826e+02
1.259585179797628740e+02
1.196901076599217362e+02
1.145434598184162382e+02
1.140296480668648229e+02
1.150281944567050516e+02
1.159440921458897833e+02
1.207218064035098450e+02
1.135485068722998108e+02
1.088582231912473617e+02
1.138593179314511588e+02
1.171179130302849671e+02
1.104231373559241831e+02
1.101863998941137908e+02
1.078648287126085847e+02
1.044053350178704989e+02
1.057753723656446567e+02
1.003488666541471162e+02
1.052771157312380836e+02
1.076598204453464689e+02
1.071518847740180149e+02
1.104700992538495825e+02
1.082365498279459644e+02
1.117685554585589784e+02
1.096426580588946393e+02
1.137056016697006697e+02
1.267347965058077506e+02
1.202750046268749031e+02
1.161877368296346873e+02
1.150221158589110075e+02
1.173321497382687397e+02
1.203220499361820686e+02
1.275147882648636397e+02
1.233062569294015987e+02
1.223498695283852840e+02
1.273141655739186433e+02
1.205090861033926615e+02
1.171481704488467557e+02
1.181050089458275210e+02
1.184425584509044143e+02
1.225185143211814562e+02
1.092802438441683250e+02
1.051086212866381970e+02
1.057651581284517448e+02
1.074907909273599103e+02
1.071887190197967641e+02
9.964471237143449400e+01
9.993446397471701914e+01
9.699088697456947727e+01
9.163225742943721741e+01
9.093210118696997313e+01
9.109876060629896699e+01
9.222659287185115318e+01
9.380238621306278901e+01
9.341430880470527143e+01
9.701463143288715685e+01
9.440118675966694184e+01
9.210205390038910878e+01
8.640644185240751085e+01
8.118112149836889557e+01
7.909348091390700120e+01
8.532164048153011038e+01
8.423295164939737845e+01
8.313162722304367946e+01
8.086950459904888078e+01
7.680080486387903704e+01
7.880349586943113138e+01
8.304205548387677993e+01
7.833237625591924314e+01
7.740215217165510353e+01
8.269832193769136097e+01
8.617184248764806398e+01
8.780557288998177512e+01
8.507216336906279253e+01
8.908235834749645221e+01
8.675174324494483358e+01
8.265643113091476835e+01
8.654614777469728892e+01
9.314706640178833652e+01
1.003143815604882008e+02
9.829217478016661858e+01
9.309154074835836923e+01
9.273288958388987169e+01
9.290106103329853227e+01
8.503718468121981289e+01
8.364727045578788989e+01
8.197000306613540488e+01
7.836485244558856778e+01
7.983902828993224432e+01
7.963651654727458151e+01
8.174247710179648152e+01
8.349546781868589562e+01
8.228176776611080356e+01
8.353941916556043168e+01
8.135264587099466382e+01
8.300757615985089899e+01
8.619630376827731766e+01
9.610493787487483530e+01
9.219185960729328144e+01
8.843471632726362941e+01
8.521456603411851916e+01
8.617446310290789313e+01
8.458215497321035059e+01
7.758766237655061104e+01
7.879561120257241669e+01
7.722493696763278592e+01
8.684330151646783236e+01
8.880582343558192804e+01
8.789736340802326708e+01
8.127348576489760035e+01
7.920301914090289586e+01
8.119255369832600877e+01
8.345225017195909345e+01
8.591234929921442642e+01
8.786280272314037632e+01
8.666624967406943369e+01
8.059664173140745902e+01
7.677883647681377965e+01
7.983154670003528963e+01
7.859641682585534284e+01
7.616106518124540514e+01
8.479276727712937145e+01
9.186000343761998010e+01
9.224101658259954206e+01
9.842733705547060197e+01
9.816887142194666183e+01
9.954578382571425266e+01
9.417531252270576658e+01
8.646906414297214383e+01
9.144682237497536903e+01
9.143374277737281375e+01
8.974009145095308781e+01
8.559047622046249160e+01
8.256785553326250238e+01
8.283784807531668548e+01
8.005574068183719305e+01
7.481716336889110153e+01
7.574706350975885982e+01
7.786861295865577404e+01
7.872924344835857369e+01
8.076975613189485159e+01
8.482622691281294180e+01
8.526339769821620962e+01
8.975763444840229965e+01
9.049329930887243734e+01
8.770346903679285333e+01
8.154740155433341897e+01
8.147344556991502884e+01
8.183773265615236880e+01
8.097835555388429896e+01
8.134370685384105570e+01
8.910758499898174989e+01
8.865819837966779460e+01
8.442758103782939827e+01
9.006504346725802179e+01
9.084412580973474860e+01
9.599858525933943554e+01
9.612126316176302510e+01
9.091277889880342400e+01
8.700741720599403095e+01
8.412877422178053166e+01
8.642277206113108434e+01
8.228016420793844077e+01
8.116365541953499019e+01
7.742275609886729626e+01
8.104328736148062262e+01
8.088033907227688246e+01
8.177947311454119017e+01
8.062904819957843472e+01
8.238276111464622886e+01
7.813312305005419489e+01
7.872677384180872195e+01
7.964482661776474970e+01
8.357304740891844119e+01
8.680274077319793946e+01
8.807860840188975260e+01
8.487190335008088482e+01
8.523787520368622950e+01
8.522681909715116433e+01
8.481307905017600035e+01
8.570492194432267752e+01
9.112391459251156789e+01
8.498359957762853867e+01
8.227011130979011000e+01
7.800066243131185217e+01
7.814552837537699759e+01
7.657281753280538794e+01
7.113977660330741060e+01
6.978750151938508850e+01
7.237774154888168709e+01
7.208959647299474227e+01
7.340470672937472330e+01
7.440639566969574048e+01
7.709851013751310234e+01
6.948567422282248174e+01
7.056392612694328648e+01
7.236147825615783802e+01
8.094369647278848845e+01
7.895502740111984963e+01
8.338022231524799111e+01
8.037277862444156540e+01
7.653207098882634796e+01
7.686422778869072658e+01
7.786584157430017683e+01
7.183454719111428233e+01
8.118094903294756648e+01
8.162137040068223826e+01
8.358398555192437129e+01
8.377142732658026603e+01
8.471593026271840188e+01
7.723574130847376296e+01
7.620971078828729617e+01
7.503834601858072517e+01
7.596205039232015110e+01
8.105220879689571234e+01
7.871042264317345882e+01
8.167111989813638218e+01
8.701615526164562198e+01
7.929407332252435481e+01
8.028364197366785504e+01
8.065152345661404354e+01
7.878465498424773727e+01
8.421205050470982201e+01
8.867550073952963885e+01
8.771240602821301025e+01
9.295952005033890941e+01
8.859964518256795429e+01
9.342570990598957792e+01
9.663718329975370125e+01
9.453802147243948184e+01
9.905389796772291788e+01
9.503565723947561139e+01
1.010768783291664619e+02
9.889462071562523704e+01
1.020345329570269257e+02
1.095515112874873296e+02
1.104560953443867106e+02
1.140791848656417358e+02
1.175842911419360632e+02
1.171597561656393225e+02
1.086533738258776225e+02
1.064720979160725847e+02
1.048578242665270466e+02
1.068502058230152585e+02
1.107529523667890032e+02
1.038450061925468475e+02
1.068703562202942265e+02
1.059716386288978640e+02
1.099629116817868777e+02
1.067711235700163570e+02
1.040218502573218586e+02
1.052668254016555238e+02
1.078436450842255852e+02
1.060036468724022001e+02
1.062118524275059741e+02
1.052033407096204343e+02
9.739924580849482538e+01
9.460328433246836255e+01
9.689932033412297585e+01
1.018552239512117552e+02
1.058918604273246871e+02
1.079845612592590243e+02
1.119046305768967784e+02
1.072012928086752765e+02
1.127074756976648757e+02
1.086518453566705205e+02
1.015549804961982687e+02
1.046614967268983207e+02
9.625136650551444006e+01
9.490510188915989431e+01
9.478511965409060736e+01
9.434146438237426935e+01
8.914977469738821014e+01
9.127074585635619997e+01
9.298086918647645405e+01
9.195294917968804782e+01
9.425971447053194652e+01
9.025140037971945617e+01
9.334929854799692350e+01
9.150336952422541970e+01
9.174365528430509187e+01
9.203719382877345367e+01
9.228328330286747416e+01
8.945225368588327797e+01
9.476605060227659294e+01
9.262492711274521184e+01
9.488938054270269618e+01
1.026006077164391570e+02
1.006092134159732581e+02
1.029197648638333931e+02
1.037423438969534288e+02
1.008752195745776561e+02
1.016154763069779960e+02
1.069456689178027347e+02
1.092402520263469796e+02
1.112046260190155635e+02
1.165849662823208348e+02
1.120443483081863150e+02
1.131390903483118677e+02
1.201829244499614617e+02
1.217483988125356973e+02
1.165811724633931732e+02
1.221838730757538514e+02
1.129012075446813839e+02
1.170666614696988432e+02
1.116491290321542493e+02
1.072929544206717480e+02
1.007171730290038738e+02
1.029701471648137385e+02
1.036598317507437201e+02
1.031271491196879140e+02
9.803067586293727231e+01
9.821724794751531817e+01
9.202074720007023245e+01
9.563654627096610739e+01
9.048792810510286699e+01
8.779601442746077566e+01
9.154239957194350552e+01
9.500186496202425701e+01
9.715291907910999214e+01
9.430731041626505373e+01
9.415068035255121970e+01
9.719297393182550593e+01
9.791477238002092065e+01
8.980029025938428333e+01
8.398558596508520679e+01
8.473686457249920068e+01
8.786771644774223944e+01
8.523985066947724931e+01
8.104259797623771533e+01
8.384802631830096686e+01
8.091983782582990159e+01
8.850238047508625527e+01
8.840479834192903752e+01
8.137839914932955310e+01
8.170139369356451198e+01
7.826463887423876997e+01
8.454449060828289930e+01
8.695396000697851946e+01
8.310445391027698747e+01
8.287581874474882682e+01
8.478732798972262685e+01
8.808818468380015076e+01
8.831826238612372038e+01
9.020914024777793827e+01
9.525490971719015931e+01
9.487005966570016824e+01
1.024363467365965192e+02
1.033674473349580296e+02
9.654974661440841999e+01
9.972288564793245769e+01
1.058138087373607590e+02
1.061737603848771556e+02
1.125012531640101230e+02
1.029191298135555854e+02
9.825048551458858981e+01
1.024832229932511609e+02
1.069385225643550683e+02
1.099977957416583081e+02
1.098877575087130367e+02
1.068061733883327094e+02
1.069366381581184271e+02
1.073326982373451131e+02
1.061488965785756449e+02
1.094401478907264362e+02
1.077878233001270587e+02
1.091504823943351141e+02
1.054191856687665023e+02
1.080860881532707509e+02
1.034715484711502000e+02
1.011002830566608424e+02
1.053775810259459860e+02
1.081536651678855492e+02
1.101797351601355786e+02
1.090611193647525710e+02
1.090305654640341970e+02
1.096892999113074012e+02
1.157912584607546052e+02
1.142467668760275075e+02
1.151184878378835919e+02
1.112120880382108652e+02
1.128438028770305976e+02
1.066232507295980696e+02
1.037890771401899883e+02
1.016781240487516698e+02
9.636745230275472807e+01
1.003011054262844652e+02
1.061948426680090449e+02
1.062227191206211501e+02
1.108457939703200736e+02
1.073725919327671505e+02
1.022453478667827085e+02
1.090024426273710958e+02
9.978077169015709558e+01
1.037270030047080951e+02
1.042319308308117627e+02
9.569228145546533426e+01
1.017830868478797157e+02
9.652640763885486308e+01
9.835773742239950934e+01
9.773355067367948834e+01
9.624776109649376110e+01
9.668386047084445067e+01
9.541800929983482149e+01
8.762807083395108521e+01
8.746480008414211227e+01
8.653127228862635434e+01
9.241993394190495792e+01
8.540107312860287436e+01
8.155718397362544181e+01
8.650811129457792958e+01
9.341868355038528193e+01
9.924642367471709292e+01
1.047772142404965621e+02
1.057780687068076020e+02
1.082842021663802825e+02
1.097168387290811324e+02
1.126825197338103095e+02
1.139347070009286824e+02
1.182204278490114717e+02
1.148261554082323386e+02
1.108605139779520528e+02
1.069166341091888768e+02
1.060775310818615935e+02
1.056504472518129916e+02
9.627427207143685450e+01
1.005575320416303100e+02
1.060695455575167330e+02
9.771236034000936854e+01
9.960184679865399460e+01
9.994450309305864266e+01
1.031932910664435354e+02
1.016349210853405509e+02
1.038301580455832891e+02
9.554927350784204521e+01
9.525795693107350814e+01
9.161077366204878558e+01
9.024915916015405060e+01
9.007344342477745158e+01
9.110083776478239770e+01
8.640004668964482448e+01
8.842334212283630279e+01
8.989705907089896186e+01
8.733691323125604811e+01
8.280264056926384342e+01
8.282051747578222489e+01
8.157605374477833493e+01
8.493409067021728731e+01
8.311153399714530110e+01
8.257124164755614970e+01
8.180011963394875352e+01
8.293170540146977032e+01
9.013571493378817934e+01
8.749422900225847854e+01
8.541885632977339071e+01
8.441240659961709980e+01
8.026118519682790975e+01
8.166036221524029770e+01
8.368100614159455120e+01
8.012221824694110239e+01
9.124578993457157594e+01
9.513527899412125066e+01
9.204208608777797451e+01
9.165986936394894258e+01
9.377718594986656342e+01
9.423549586834501213e+01
9.397132898026951864e+01
8.924941997459865206e+01
8.770624877246594053e+01
8.189796826778643890e+01
8.292342181949608459e+01
8.388100909390279014e+01
8.015270635409970623e+01
8.367600896781476649e+01
9.276103180273284465e+01
8.879369403281113193e+01
8.658182546819551817e+01
8.574639545187368128e+01
8.780692428920730208e+01
8.577420632457317140e+01
8.508468363796804113e+01
8.430448743244821230e+01
8.802597150582879237e+01
7.972328237150625796e+01
7.596968916245319292e+01
7.536577944724520250e+01
7.863354742359325655e+01
7.958986170179309738e+01
7.908676836286261391e+01
7.885918704169425553e+01
7.238543239432308951e+01
7.104737452322764568e+01
6.771122782829672815e+01
6.757618185232662711e+01
6.826384871608011906e+01
7.571818487636838313e+01
7.626928292416917543e+01
7.785073499936403607e+01
8.163652431184478075e+01
8.229275590589656986e+01
8.202636096045850422e+01
7.988602875450203555e+01
8.110482989510639129e+01
7.941308212274770995e+01
7.617990396581959089e+01
7.286550471460817846e+01
7.258262267948863666e+01
7.580461350897108730e+01
7.512333630601992240e+01
7.610246747628919195e+01
7.665452307014025735e+01
8.279820381358013037e+01
8.963925431783079034e+01
8.339275136814592315e+01
8.195225786421278258e+01
8.730385405402240906e+01
8.426938700487389156e+01
8.848835647707586816e+01
8.501528485817989633e+01
8.696604551700276886e+01
8.248446777970924870e+01
7.789743681371133732e+01
7.517361283817341189e+01
7.660745802344547428e+01
7.482161860073429693e+01
7.340079108939995933e+01
7.353471521454346771e+01
7.444221655539394078e+01
7.265642708292071461e+01
7.136747351751233737e+01
6.780185104490811909e+01
6.915931983144803041e+01
6.650741934426606861e+01
6.911624499259566790e+01
7.321004537407401358e+01
7.014568372181565792e+01
7.174163979641946298e+01
7.093014614854195088e+01
6.663624035222670727e+01
6.341621277089531361e+01
6.495676959547097340e+01
6.386481111175597647e+01
6.481719462189548153e+01
6.783364498532952780e+01
7.226863060413766959e+01
7.421791645311466823e+01
7.129178980069072225e+01
6.718056171296910861e+01
7.092504924870550553e+01
7.039572122268361909e+01
6.744520737363821183e+01
6.672771184038789727e+01
6.429237401303042532e+01
6.489105760071839768e+01
6.241386681289642979e+01
6.689789103422603489e+01
6.693735410632120875e+01
6.782051618909812873e+01
6.910458643258135680e+01
6.992538369969470580e+01
7.144918025195642031e+01
7.035886187002708425e+01
6.947535949153204626e+01
6.767107438466854319e+01
6.232957900816069241e+01
6.317125061272196973e+01
6.445227387623206994e+01
6.311309477314111405e+01
6.236424195418698702e+01
6.748901568320275146e+01
6.739649823649796190e+01
7.040119953260393970e+01
6.774443731292545579e+01
6.825157065219723052e+01
7.005580377182202767e+01
6.747532002856046063e+01
6.163538722479118803e+01
6.722989409772534941e+01
7.087852178537193026e+01
7.394636225898904058e+01
7.413636121680313806e+01
7.635244355752058709e+01
7.724347092217848854e+01
7.381964750961535060e+01
7.516168536551434443e+01
7.193802582527625589e+01
7.532395009594101509e+01
7.570944390900812948e+01
7.220565845771098168e+01
7.346730294623598922e+01
7.405782522393418787e+01
7.221688129844591231e+01
7.399519511242455394e+01
7.054598384971933456e+01
6.919011662465648271e+01
7.210371481252673220e+01
7.183765748722738920e+01
7.109907537211583417e+01
7.261995489103510693e+01
7.305328037143571862e+01
7.357256885396616042e+01
7.266193314090939737e+01
7.269967952431892400e+01
7.245106752805418182e+01
7.495092910539140973e+01
7.452820805096401102e+01
7.515071938899531290e+01
7.474927183724474844e+01
7.423569158136587021e+01
7.455655078520479151e+01
7.789610785604818943e+01
7.683540694363718160e+01
7.676267368939474522e+01
7.812724855607157792e+01
7.986594939194186793e+01
7.869400616525165049e+01
8.084568891678830482e+01
8.281835075152882553e+01
8.677309608599374258e+01
8.387039055737969306e+01
8.213689431579932432e+01
8.269165626349477805e+01
8.068983752127607545e+01
8.128317630711421771e+01
8.459794670895617230e+01
8.749217344300923571e+01
8.414984765115457321e+01
7.882615045364549644e+01
8.011669043238453014e+01
8.512959185238030102e+01
8.366247594925917497e+01
7.939004492914919808e+01
7.702461165518977282e+01
8.197198175934128983e+01
8.286345553540915887e+01
8.809921192553596825e+01
9.759393096744587126e+01
9.694634729343253809e+01
9.677217759208133430e+01
9.129790212249491788e+01
8.769384305759869846e+01
8.761974070096547962e+01
7.983337204893190631e+01
7.971940216102093757e+01
7.755939867722356951e+01
7.981596276855546535e+01
8.107069789554824979e+01
7.966587346769236433e+01
7.903339486985967710e+01
8.377411914052788688e+01
8.220490811094704497e+01
7.899588938052055198e+01
7.758252009896341406e+01
7.566255800512345786e+01
6.924915539652612040e+01
7.442863339365460718e+01
7.964108439058419719e+01
7.627357320930856588e+01
7.804653956256375125e+01
7.473886477376855453e+01
7.507549773453422404e+01
7.551972966570791357e+01
7.160948784294534164e+01
7.117360518273133607e+01
6.716510997488764190e+01
6.607353907498777801e+01
7.221718319983527579e+01
6.496837393720525711e+01
6.443234033269148142e+01
6.565299119342954270e+01
6.880709710307392868e+01
7.064164671972697818e+01
7.294513823409859299e+01
7.611746386948837539e+01
7.358608612467648413e+01
7.935136652320024098e+01
8.550935933643170017e+01
8.036385328953431895e+01
8.329054364809363165e+01
8.814288593323904308e+01
9.101377325858119605e+01
9.023338976224320618e+01
8.948905036493444243e+01
8.973020788913491685e+01
8.545458923651690952e+01
8.800601572160282160e+01
9.108418695201177684e+01
9.345448584733415487e+01
9.026776469106921752e+01
8.548625641954711796e+01
7.856716750881702183e+01
7.808470354344359521e+01
7.508869350014327892e+01
7.224094528463307086e+01
6.980106874261555561e+01
7.211529513409146830e+01
7.426888343766904654e+01
7.462535628063382376e+01
7.184389856049439516e+01
6.945777783741074529e+01
7.064722404927599086e+01
7.267678154209566799e+01
7.074876349848146617e+01
7.245612064458111945e+01
7.064906791168100142e+01
7.004011491433183778e+01
6.700596441094066336e+01
7.010200349109813089e+01
6.708880408772986925e+01
6.815378926339087684e+01
6.773254909540027313e+01
6.597383731516598004e+01
6.923268926233515685e+01
6.925696317922722756e+01
6.693357949551976560e+01
6.794516096693463680e+01
7.119895983209562473e+01
6.881407474376491962e+01
6.898269215301242241e+01
6.737641737342626413e+01
6.635470394176410025e+01
6.806136146109771801e+01
7.329420056686279850e+01
7.286865962732782975e+01
7.063627064726111371e+01
7.187609803338000347e+01
7.616220768208286529e+01
6.982157540025971798e+01
7.364231129042757118e+01
7.548629140723561193e+01
7.072041577296724313e+01
7.210153026138435450e+01
7.014333822131791862e+01
7.112148048016540258e+01
7.156426665591723690e+01
7.698129729069908933e+01
7.525891885507199675e+01
7.547432052109434153e+01
8.331854538491329265e+01
7.585658406431997491e+01
8.236430033150007546e+01
7.640008070805590989e+01
7.822798784128376326e+01
8.191527333436705760e+01
7.838602355701111435e+01
7.918847185289565971e+01
7.610610163802574846e+01
7.934035430597370464e+01
7.620520790408410505e+01
7.586966499317121304e+01
7.685687004031306913e+01
8.299060447868151869e+01
8.322819669184795544e+01
8.141929248566414401e+01
8.213347704237467894e+01
8.401089004645955072e+01
8.506232936850798865e+01
8.520844834893837572e+01
8.169542239852266619e+01
9.127489962018474046e+01
9.568656717829802005e+01
9.568226973698217819e+01
9.667698694124592862e+01
9.817580405550907585e+01
1.007723408275607540e+02
1.040941295440080978e+02
1.023431807332842425e+02
9.866451687794808834e+01
1.062317374417776534e+02
1.025431205422240879e+02
1.036990890966936263e+02
1.070222297394206663e+02
9.540082857251398707e+01
9.696387968668406643e+01
9.078502095080082768e+01
9.055353718882223291e+01
8.604211987902829151e+01
8.565682091403256493e+01
9.009356572846223798e+01
9.057132898985683767e+01
9.346468732026048087e+01
9.508814294232026043e+01
9.354942913033677598e+01
1.009687900266199279e+02
1.032465303589228256e+02
1.051403292955968283e+02
1.035706524375171540e+02
1.017384576347220957e+02
1.031792360498357937e+02
1.005361768981472892e+02
1.048709201520375984e+02
1.106958919959195669e+02
1.098571841517767069e+02
1.035955976854251617e+02
1.008828657692799453e+02
9.980041448917901903e+01
1.054128870163994947e+02
1.053319116126149311e+02
1.010876568823763932e+02
1.096063402909377515e+02
1.096825628173822622e+02
1.134711589160378651e+02
1.115742505902373551e+02
1.084323941046327064e+02
1.085008380395018150e+02
1.089214387906183106e+02
1.052101673302806972e+02
1.128910861124899441e+02
1.098075844671929957e+02
1.039736774472260237e+02
1.065352614900112371e+02
1.086862143372107425e+02
1.035283748974991767e+02
1.035755730421516603e+02
9.827714708596751336e+01
9.416429768610329631e+01
9.064522527590408174e+01
9.140165001315561710e+01
9.473871604526821955e+01
9.741439247342798069e+01
9.614150598081178600e+01
9.748796378758282799e+01
9.592050401075738364e+01
9.191506419496762703e+01
8.760103624657328680e+01
8.925232325662926769e+01
8.855789907810826378e+01
9.094988717670651113e+01
9.082991603250280832e+01
9.558035125982554803e+01
9.320544439944784187e+01
9.469252725025496886e+01
1.023930970711821402e+02
1.129073162860310617e+02
1.157235962568500014e+02
1.224673219148601504e+02
1.190939264884362814e+02
1.172834711626827300e+02
1.174374557338936427e+02
1.178413762005442749e+02
1.163499072503169742e+02
1.129765698107822374e+02
1.109138653663503931e+02
1.115126100416557620e+02
1.086071589481052371e+02
1.088970877393212362e+02
1.031480087048710459e+02
1.025213370866204201e+02
1.050876451826536169e+02
1.009479507503647113e+02
9.861632147417292060e+01
1.001429280427865223e+02
9.804104940525445500e+01
9.653831848651080350e+01
9.225102937966570948e+01
8.934934002541832854e+01
8.945195333203224664e+01
8.532158002560345267e+01
8.433002514582064180e+01
8.506313779703607736e+01
8.147471493500079021e+01
7.670536364944500463e+01
7.674915847785457856e+01
8.048780912662643061e+01
8.239594357540470071e+01
8.470271352051126712e+01
8.315910157133812675e+01
8.719346679249819942e+01
7.982712134554010674e+01
8.053169228442220628e+01
8.144991793069117136e+01
8.237855157656795768e+01
8.678488337985163525e+01
8.103441039968247139e+01
8.180075210715953915e+01
7.929923809669095647e+01
7.523280607354791982e+01
7.624557512330903819e+01
7.449152986178266644e+01
7.582066262828615777e+01
7.748359244108884525e+01
7.589232663190655614e+01
7.531690794169966807e+01
7.134730032587177107e+01
7.331395897460475908e+01
7.185835052713518678e+01
7.318505658761186794e+01
7.073816146753823375e+01
6.831871232183794973e+01
6.646784650654834081e+01
6.464290116513143403e+01
6.228673011781027213e+01
6.240804579620483850e+01
6.629218901077329917e+01
7.041979517005493960e+01
7.429950230980345793e+01
7.803243662440740991e+01
8.420595389633790262e+01
8.357490012821426717e+01
7.661933237210986647e+01
7.927586197662679979e+01
7.593457222413782404e+01
7.876918554825849128e+01
7.678522881815385404e+01
7.405872098827255456e+01
7.176748046057412012e+01
7.061106560258616582e+01
6.714581631047046528e+01
6.617887039562981499e+01
6.199376771920308471e+01
5.980004426633918513e+01
6.549387656075447239e+01
6.863278593416123385e+01
7.197273448659274209e+01
6.746124993608334819e+01
6.585764639879435833e+01
6.770818798154272145e+01
6.973144363898754250e+01
7.272574967077723329e+01
6.808775179547035350e+01
6.907824392493529331e+01
6.871790875379278418e+01
6.644011803348661260e+01
6.965485272084225699e+01
7.334894742208868479e+01
7.182932009072347057e+01
7.579556744376817790e+01
7.342564276034892146e+01
7.744641529362516508e+01
7.384425717953499202e+01
7.970841708172078199e+01
8.100023302715781881e+01
8.201083961626220287e+01
8.511325033105404714e+01
8.214760568496865289e+01
7.895252156271189392e+01
7.537386045227050602e+01
8.132033999733593532e+01
8.752713260071249124e+01
8.087525059369215796e+01
8.465048711976190532e+01
9.002044136117068263e+01
8.856737983371016298e+01
9.271747697570127400e+01
8.928540324188323041e+01
8.873508810954088233e+01
9.365271344591239711e+01
9.143601761784377402e+01
9.102268977735205624e+01
9.338129564148263739e+01
8.778748665700955200e+01
8.363036667564911397e+01
7.911331595999686783e+01
7.870301908703447680e+01
7.830316471187057914e+01
8.111851418189937135e+01
8.039427379498582127e+01
7.956001854521144878e+01
7.423431038468309850e+01
7.203874462558736980e+01
7.547047369868130318e+01
7.632689115678077485e+01
8.356030589542166354e+01
8.474951462587941364e+01
8.034588111724464454e+01
7.855564967646300545e+01
7.865979918020059358e+01
7.581391099969145841e+01
7.591800275953778510e+01
8.162615114878465761e+01
8.882051645624738967e+01
8.654448024968034758e+01
8.187512426997140835e+01
8.174310264997468778e+01
8.080607674447455224e+01
7.878216883249879743e+01
8.158774591747199167e+01
8.665575023609790151e+01
9.449575358617602205e+01
9.409452618641311972e+01
8.905373634561595964e+01
8.887517571065652078e+01
9.349242226077591056e+01
9.213835077300521448e+01
9.388161652651636757e+01
9.475723972212520607e+01
9.609745668703332910e+01
9.418570738620236682e+01
9.463620746219027069e+01
9.576335255179769490e+01
9.884044014856574734e+01
9.713405668600687193e+01
9.991637461800945630e+01
1.013916679639440446e+02
1.060758374713122976e+02
1.024508207182691280e+02
1.011036920330172109e+02
1.015189932553141006e+02
9.748180083980281552e+01
9.405885345361842553e+01
9.009862067942414399e+01
9.416529241581679344e+01
9.395247597753034086e+01
9.033344629209840093e+01
9.043832410828639468e+01
8.608129886015089482e+01
8.797571696686379994e+01
8.552900042822511750e+01
8.284761417915215986e+01
8.843758041136335635e+01
8.670199802473885597e+01
9.019605300641813983e+01
8.786823476132978783e+01
9.343649857777721479e+01
8.701034949596825641e+01
9.728920898066785128e+01
1.019038522755780036e+02
1.067843010585400236e+02
1.077908665041435796e+02
1.064672267522991973e+02
1.018967006269519402e+02
9.739070943046358764e+01
1.017432982458658870e+02
1.013815774042230515e+02
9.854589598999220357e+01
1.054942464660910417e+02
1.028919703616066244e+02
1.012199658082344911e+02
1.005461788335452979e+02
1.041697787721810329e+02
1.065797944467081777e+02
1.080292571164686137e+02
1.083085498980657775e+02
1.086465438720146182e+02
1.078807161548375007e+02
9.976437554486793147e+01
9.306648838433548576e+01
9.733111768642058337e+01
1.087812129794941427e+02
1.106063700754881580e+02
1.052126476637646135e+02
1.046106607456509039e+02
1.004014401519044384e+02
1.055562685297950480e+02
1.046052643647843041e+02
1.057216472359612993e+02
1.018529581932561427e+02
1.062049957727082017e+02
1.021039162070606636e+02
1.087867501944369053e+02
1.126577989737920831e+02
1.114314981367991351e+02
1.177494073672251744e+02
1.162345532003286905e+02
1.191551703991936364e+02
1.137968921593549396e+02
1.092783187721593521e+02
1.071339426646843407e+02
1.108548144409189007e+02
1.207034370471027813e+02
1.209969778803119169e+02
1.295772469091356527e+02
1.299539702723068899e+02
1.342250352877623811e+02
1.380569839024893213e+02
1.397973927387698438e+02
1.475365906673305290e+02
1.451526942304496686e+02
1.385189344199169170e+02
1.345763371910189505e+02
1.273537507922527681e+02
1.332723749929899952e+02
1.314740097295803309e+02
1.368546309884441712e+02
1.418699043562155850e+02
1.327291596120256258e+02
1.320880581452823321e+02
1.307614406829685549e+02
1.348103446592066064e+02
1.283856743860127665e+02
1.284800081658808040e+02
1.282078587384152115e+02
1.263035289404486576e+02
1.241400814649036022e+02
1.210012968437160197e+02
1.220427357020524823e+02
1.240707699456053206e+02
1.258671593977602186e+02
1.246965015926157037e+02
1.173179777780241437e+02
1.152919174642986206e+02
1.132524448616363628e+02
1.131685525255280425e+02
1.080692468474743890e+02
1.131088052016325491e+02
1.124755275689387020e+02
1.047699761989174618e+02
1.006197890704696789e+02
9.852693894419134324e+01
9.602615218314599588e+01
9.864450088096312186e+01
9.129768205156614158e+01
9.084647299437322943e+01
9.415186541443439694e+01
9.385309982140583429e+01
1.016756235075576740e+02
1.106799111568041525e+02
1.092205526808601661e+02
1.126919545698620055e+02
1.169860570622329590e+02
1.157097128520543237e+02
1.203895509506391619e+02
1.254910879338766847e+02
1.294736107802525567e+02
1.312930861632150936e+02
1.268672592198452094e+02
1.214840408720597367e+02
1.228636412111398215e+02
1.299985257928632620e+02
1.338136489180230058e+02
1.439014070798828584e+02
1.415013286692228291e+02
1.384692668078951669e+02
1.361406473786665856e+02
1.342545146550220068e+02
1.466352960675084205e+02
1.555695896495695649e+02
1.516126315793569006e+02
1.658690330602446465e+02
1.677635364463452561e+02
1.658831693952235469e+02
1.675756466817976218e+02
1.841795946901561081e+02
1.773637369472256751e+02
1.771408701190162560e+02
1.788029255925303573e+02
1.789597680952992675e+02
1.869143786343586839e+02
1.916098043920209477e+02
1.912467790515655395e+02
2.003752679674928174e+02
