4.543124937500700611e+01
4.695886086909128920e+01
4.487129305775055599e+01
4.695432819106840583e+01
4.678371080395157122e+01
4.264668966313555387e+01
4.332360131792464841e+01
4.166091399858654398e+01
4.093199718656503450e+01
3.867350745941497081e+01
3.866927957287707329e+01
3.736815271379384029e+01
3.668428801604596856e+01
3.721378379005665948e+01
3.706008693711271462e+01
3.684203016016650878e+01
3.889095671212007943e+01
3.979983794209929471e+01
4.101518640018081641e+01
4.027592047281517296e+01
4.263980043170065670e+01
4.094487130619889115e+01
4.125069556879132193e+01
4.223231801548073605e+01
4.017392841418316607e+01
4.121004492734996205e+01
4.064515170240493092e+01
3.726696847288921077e+01
3.842379327073946627e+01
3.884610652364441563e+01
3.933827272865238456e+01
4.194221929667352100e+01
4.070254989076085650e+01
4.089985270821459551e+01
4.006951787235026785e+01
4.199929755250528984e+01
4.078694388688811756e+01
3.999712377652242168e+01
4.122315668130412547e+01
3.901099250519042982e+01
4.058649427648556696e+01
4.081368198979284756e+01
3.980399306894106815e+01
4.161497308188787514e+01
4.093291122247646996e+01
4.553871221442372530e+01
4.492109936645154278e+01
4.465849822370291378e+01
4.574962102768475347e+01
4.448204642856929070e+01
4.493963178900852995e+01
4.339381716006843703e+01
4.136801123815862979e+01
4.141475802985583243e+01
3.924280945319385694e+01
3.916838219049790837e+01
4.017138180871930331e+01
4.108932472570202066e+01
4.298672618483746533e+01
4.159975281607913900e+01
4.028417860606366219e+01
3.940391129379782598e+01
3.790325905445865118e+01
3.942421991631215406e+01
3.983149444779358817e+01
3.832859430512747423e+01
3.848618171928470844e+01
3.884753433484552687e+01
3.761724881424058253e+01
4.029544301631234759e+01
4.079896112478054704e+01
4.242117184831618459e+01
4.293301999946159953e+01
4.188098113754043084e+01
4.055242635691741526e+01
3.802095316691472959e+01
3.795206660434535451e+01
3.806297612924882401e+01
3.767788422047009789e+01
3.747836613775986336e+01
3.822454507518349232e+01
3.839493888969185775e+01
3.649418535205059300e+01
3.695052938193789061e+01
3.684688315466521402e+01
3.628857761641656055e+01
3.712546997901974777e+01
3.853065865239654642e+01
4.302229540959746856e+01
4.334937093314387369e+01
4.452819015863693863e+01
4.481174311690010370e+01
4.258193628095940397e+01
4.478136316982561027e+01
4.419105697378686415e+01
4.529301843426426899e+01
4.501262106267078877e+01
4.685325714191935731e+01
4.875705743646656742e+01
5.359258373987988477e+01
5.336296878175139113e+01
5.156549628325215195e+01
5.142508310278808636e+01
4.780796616980951796e+01
4.813627631484161640e+01
4.865325163037960721e+01
4.748016498508668093e+01
5.034375702189331037e+01
5.349315978000915095e+01
5.133021712653088287e+01
4.815487159827782904e+01
4.865214099959663230e+01
5.013304764709742756e+01
4.530771963919801237e+01
4.378496932335631442e+01
4.595401774693569763e+01
4.739145210489530058e+01
4.506763482751040328e+01
4.400859325065327710e+01
4.517522737856450732e+01
4.866731082828540167e+01
5.335396377369012555e+01
5.307363029354169726e+01
5.317832146242391644e+01
5.305644208282070906e+01
5.497029470066037504e+01
5.666532536048664070e+01
5.622124957583658045e+01
5.483970802695095870e+01
5.316831757458073326e+01
5.111404869712681887e+01
5.121403764591115504e+01
5.082961685981523914e+01
4.955288481727859562e+01
5.252003512369791594e+01
4.985649391958610011e+01
5.175857728559270754e+01
4.950136330411851304e+01
5.367269994419928736e+01
5.297967361200633007e+01
5.469529676918706684e+01
5.733556759384497070e+01
5.173993899134682550e+01
5.557110422853209286e+01
5.283763822832068513e+01
5.565975513942621689e+01
5.482701184970056119e+01
5.570739975706754876e+01
5.301589409009977771e+01
5.036980316023873172e+01
4.867259273857011692e+01
4.951912106782621947e+01
4.958745398090739087e+01
5.175604890273143610e+01
5.002094770736502483e+01
4.984652298074043841e+01
5.124476050656371484e+01
5.311595792250276560e+01
5.337838668197957759e+01
5.240892717337678874e+01
5.430064400026792981e+01
5.321254360196867594e+01
5.297146470886524128e+01
5.405997762291388398e+01
5.194730815503380228e+01
4.975997928198130893e+01
5.057187833752470141e+01
5.484079669818835612e+01
5.587542304526731840e+01
5.780595098225479944e+01
5.876582873297713405e+01
5.959191829770234250e+01
5.836416543177274718e+01
6.155618949324890821e+01
6.267030420605119900e+01
6.133212202890838682e+01
6.500796472731610720e+01
6.312518931863950655e+01
6.226631403044125079e+01
6.029208983718110204e+01
6.246960364649389419e+01
6.017300284740260707e+01
6.106517539284449470e+01
5.877481762621716399e+01
5.634397894480268576e+01
5.535009792739559487e+01
5.769395338846038612e+01
6.098379939911473002e+01
6.298182968397487969e+01
6.419498268404524310e+01
5.932936050186749810e+01
5.683646429675745537e+01
5.281777155009314839e+01
5.139316702477973564e+01
4.962416439645356547e+01
4.941755982888924592e+01
4.985592750458929601e+01
5.177306096579243899e+01
4.954264101254588581e+01
4.541076766942262566e+01
4.372219982526306836e+01
4.462035228036739909e+01
4.410145372292674182e+01
4.134213760440581353e+01
4.362895962914188175e+01
4.683444070948187488e+01
4.688049911480725029e+01
4.805763683715449019e+01
4.858983826522545968e+01
4.599119894331560232e+01
4.844855581731702898e+01
4.884088524389122199e+01
5.027716224547604185e+01
5.121636077715362489e+01
5.056230017589270886e+01
5.190295848781883592e+01
5.495042796772352744e+01
5.734477009186287688e+01
5.507143966431000592e+01
5.334418243883552435e+01
5.447849521605274248e+01
5.288229787187074749e+01
5.168079677927955373e+01
5.521060953956947515e+01
5.881683226040001955e+01
5.810657405054090674e+01
6.237559149509596068e+01
6.359201523960138047e+01
6.655277401082067001e+01
6.626780085684153221e+01
6.221387089952694538e+01
5.966794587924340476e+01
6.510457060288186426e+01
6.549660170040323237e+01
7.097225466983634590e+01
6.933752526577180220e+01
6.587595240077904180e+01
6.408138489054449849e+01
6.492329647568411133e+01
6.705939233322207826e+01
6.714578279200384259e+01
6.161347201204352331e+01
5.685605580621856348e+01
5.246101390024018229e+01
5.262781702343420420e+01
5.360690118085135936e+01
5.727463091489079972e+01
5.566636705398219931e+01
5.205584286239732705e+01
5.240463448319426476e+01
5.380536164395736876e+01
5.699964762318508349e+01
5.681396769991816598e+01
6.122900653759451473e+01
6.333773240392847015e+01
6.197581444869015854e+01
6.153027932469072425e+01
5.860086759452764227e+01
5.449243412468792513e+01
5.454761648998001533e+01
4.859386631860548533e+01
4.790552548355004348e+01
4.801324836953346420e+01
4.871930507806423805e+01
4.639277727004346730e+01
4.631690165123587377e+01
4.724338879445470951e+01
4.362227532300919819e+01
4.453339036725484590e+01
4.744051654861102207e+01
4.653506648648902200e+01
4.617504437081131385e+01
4.643095973286744282e+01
4.793457178883512881e+01
4.701457738258815766e+01
4.534042396094957184e+01
4.464737731731667481e+01
4.577452459142924823e+01
4.397536224645836711e+01
4.603450303057669402e+01
4.486772921955564186e+01
4.719879659430869623e+01
4.827992030139554203e+01
4.884516595107393755e+01
4.579765728340068875e+01
4.690444113336192800e+01
4.559776527230724952e+01
4.312669010188449192e+01
4.218565025715498962e+01
4.698604412358724858e+01
4.636153165841343338e+01
4.475717401541022866e+01
4.679947956620085847e+01
4.742918074861259470e+01
4.626133097293323004e+01
4.650291388081915755e+01
4.717201334981383098e+01
4.375825408576391595e+01
4.391754409959706607e+01
4.264911890511133663e+01
4.435962924936115570e+01
4.770350969293006926e+01
4.813847021305354446e+01
4.901094310687995659e+01
4.650977630602417889e+01
4.596459164547828635e+01
4.514327205213202632e+01
4.874299728010817745e+01
5.225101362516573289e+01
5.254459861706529011e+01
5.494538141052958480e+01
5.653937443481841996e+01
5.544594724327596680e+01
5.550257724186276675e+01
5.633048943019224453e+01
5.770076689313732032e+01
5.656489716597408091e+01
5.979324782972626906e+01
5.960811863247717923e+01
6.326728977471980642e+01
6.370290710843078585e+01
6.336722480188989692e+01
6.358843505389352657e+01
6.706722660949363046e+01
6.866885694871849921e+01
6.677358347028668106e+01
6.167896705076220343e+01
5.932649277618580896e+01
5.940740025062116558e+01
5.875416822589426147e+01
6.057315116978670488e+01
6.077443645592622801e+01
5.691062270967601222e+01
5.286023241055839605e+01
5.066544664948363419e+01
4.964902102561671882e+01
4.809766299199635853e+01
4.544568444823395481e+01
4.568316320591956980e+01
4.682991697620187210e+01
4.813504051589595889e+01
4.462613670676278588e+01
4.666158787552579668e+01
4.820955672065232989e+01
4.900148213547852549e+01
4.973456765001463253e+01
4.924440512019697991e+01
5.093941932562224650e+01
5.399264166312106994e+01
4.971485308546863280e+01
5.338917886005413038e+01
5.616114699526114862e+01
5.798992243446740247e+01
5.858661981522333662e+01
5.843290999548705145e+01
5.786267039226376596e+01
5.994051031373552973e+01
5.708641066297529676e+01
5.510825067715146020e+01
5.653350033711832623e+01
6.074986934937793137e+01
5.610934134552511665e+01
5.298782877107380784e+01
5.396033328101674442e+01
5.100887152579056050e+01
5.129539085517311037e+01
5.283771626569538427e+01
5.499439651838969212e+01
5.563981775074484659e+01
5.478985578673341195e+01
5.448388184238916665e+01
5.619330935577998076e+01
5.621235115454636144e+01
5.819659989095014652e+01
5.864286221254565845e+01
5.883679276080714260e+01
6.333140389599400066e+01
6.006214287074440250e+01
5.866004634804946249e+01
5.454829585538707448e+01
5.317171486516244272e+01
5.318248388529897142e+01
5.602177776223826555e+01
5.586688512994631850e+01
5.712695120149793837e+01
5.623662582431974499e+01
5.761260251886982076e+01
5.503997919868903921e+01
5.307041044202847502e+01
5.248599599273008209e+01
5.077721361506740294e+01
5.234562791849954522e+01
5.589944532827768597e+01
5.363027856261573589e+01
5.792109106599512813e+01
6.298897219249865742e+01
6.172713198828663650e+01
6.137156264895003233e+01
6.599762602332782535e+01
7.455184867554675066e+01
7.261001819276795288e+01
7.457500656064520683e+01
7.690260197881151782e+01
7.541830213984607667e+01
7.963170956402021261e+01
8.616790114871946571e+01
9.231827060284363995e+01
9.506060539831828748e+01
9.212416375390537837e+01
8.845904251051658207e+01
8.419808600194900805e+01
8.473019043377630055e+01
7.824523266074673700e+01
7.410745114418020307e+01
7.496542584819425770e+01
7.847895663316063519e+01
7.890719546605249946e+01
7.905625956432436396e+01
8.053920556037424205e+01
7.933649222578145555e+01
7.803005195812929173e+01
7.796771854200927976e+01
7.453055747729185043e+01
7.574581404180506183e+01
7.916297004494526846e+01
7.882933631084362958e+01
7.360229748441616948e+01
7.538133676116675019e+01
7.635600229360113644e+01
7.147257225946734138e+01
7.266673253052972825e+01
7.665466428412364053e+01
7.680510180230174910e+01
7.360021648401354355e+01
7.897675428707530898e+01
7.605148448406006878e+01
7.009525097831472351e+01
7.044482120794326363e+01
6.821014024980917156e+01
6.488776449719333073e+01
6.774337207613932321e+01
7.069401789383135792e+01
7.269636561181066270e+01
7.665292342138748438e+01
7.660422508574075096e+01
7.625521813551773675e+01
7.849491338789422912e+01
7.506698003042480138e+01
7.386676058671244505e+01
7.344240204560053087e+01
7.614924442043064801e+01
7.505188005338460755e+01
7.095999122521487834e+01
6.720196470309149106e+01
7.041373924925854055e+01
7.118883559047102949e+01
6.644301494278330722e+01
6.546519781610183486e+01
6.778151993372711104e+01
7.072634089162839643e+01
6.987716704408343560e+01
7.255117136470855144e+01
7.847914046816647726e+01
7.986341464670312007e+01
8.317354858896460712e+01
9.189226093008245755e+01
8.794590833549291631e+01
8.829779598223041148e+01
8.630848565645733572e+01
8.086024678319628833e+01
7.975265636293583782e+01
7.940970944298278766e+01
8.169789517193910910e+01
7.874715144186234284e+01
8.028308774575734219e+01
7.586343654752563737e+01
7.622481331841011354e+01
7.456918568132448399e+01
7.656537809185562082e+01
7.607197361969527094e+01
7.491336142334712633e+01
7.520988591464990236e+01
7.530626333434977937e+01
7.412697586390785887e+01
7.190283291519706665e+01
7.217467554777270777e+01
7.363109607105081977e+01
7.376367781535985557e+01
7.512969289127325112e+01
8.195350978261458863e+01
8.100911585058995001e+01
8.237824123323834158e+01
8.059319311779250938e+01
7.472130143462385377e+01
7.078278637601161449e+01
6.943188421258716403e+01
7.080103775613135042e+01
7.149818706545647728e+01
7.092545565530765828e+01
6.771274688225400951e+01
6.504666893463323163e+01
6.104884533330550056e+01
5.915426922501082174e+01
5.694269077059842488e+01
5.842158668529401666e+01
5.892174254616954698e+01
6.191572517732155490e+01
6.363494397531985669e+01
6.408737398900206017e+01
5.864703521604975833e+01
5.880229536468468865e+01
5.765042473639418574e+01
6.282134912295998674e+01
6.228032348547891672e+01
6.368290251867686891e+01
6.801596818239271158e+01
7.158411931832887376e+01
7.281360540190152619e+01
6.655241627478689281e+01
7.274433034855415769e+01
7.473257271899220200e+01
6.761810904293754731e+01
6.793476706791039987e+01
6.710073024493757998e+01
6.565203724704406341e+01
6.591614535210966608e+01
6.392471251775604912e+01
6.358264022410335770e+01
6.311492244168614718e+01
6.396894274606758302e+01
5.735037576641431656e+01
5.768077587855171373e+01
6.056003329532526180e+01
5.795046132415479434e+01
5.444292000338518989e+01
5.576476306477698586e+01
5.273422164755677244e+01
5.703899554523648163e+01
6.007292489213038778e+01
6.101283775349248373e+01
6.350450125250355171e+01
6.411854803260665392e+01
6.541951694236902881e+01
6.509143956580926726e+01
6.110069296402336647e+01
6.088792187800862621e+01
5.814772761887176955e+01
5.867154499910149923e+01
5.790353924547266473e+01
5.671261919158558840e+01
5.710013050811753033e+01
5.463800898481970592e+01
5.312497699378813820e+01
5.189463424325668228e+01
5.399588227330558965e+01
5.715362269659796368e+01
5.701823533529114485e+01
5.701175972249257740e+01
5.289365477422516904e+01
5.409973004236481842e+01
5.265852088146593957e+01
5.587683161662290132e+01
5.402484374367769249e+01
5.319537615574184741e+01
5.285165353588134707e+01
5.410686103677971204e+01
5.454435838875548370e+01
5.256937573683720188e+01
5.505254690532179751e+01
5.325956548728558460e+01
5.422705910884275937e+01
5.490141160115365437e+01
5.669358382310343103e+01
5.871873810670641092e+01
5.654420761641631543e+01
5.731643037527916107e+01
5.932871371919270587e+01
5.441809667346885959e+01
5.768480992802032148e+01
6.036250206085346548e+01
6.004355296676234133e+01
6.002758759625791640e+01
5.848572084721493525e+01
6.338614933562370624e+01
6.698270806213675144e+01
6.851593321332128994e+01
6.695220517204809596e+01
6.867046375259127444e+01
6.939988915281095672e+01
6.979437910911286735e+01
6.948874918363257791e+01
6.946675711672448017e+01
6.552066276230385711e+01
6.694520080182013544e+01
6.930789464287664714e+01
6.992627603401113845e+01
7.063174716544128273e+01
7.418596845767120840e+01
7.891711407062089734e+01
7.703279811503225005e+01
7.849223891491077154e+01
7.358762756116813364e+01
7.707183157497439652e+01
7.129875867575378834e+01
7.176025904540276201e+01
6.931235353481859818e+01
7.082607960639460032e+01
7.238380764184783800e+01
7.202689117588685974e+01
7.219669993406269271e+01
7.435600787983797488e+01
7.901667019222514909e+01
7.833439815894978153e+01
7.861654636815515573e+01
7.897307743037801231e+01
7.487914056048521161e+01
7.077533726595183339e+01
7.191322970190672947e+01
7.217219029126054863e+01
7.587093390817760508e+01
7.593757069560655282e+01
7.979391447393855685e+01
8.315615423960598207e+01
8.023168359541297434e+01
8.024839974480207161e+01
7.517324842890936054e+01
7.978912348498570850e+01
8.017667202155294603e+01
7.629933142121107892e+01
7.806017123552507542e+01
8.111265049343718658e+01
7.828985996998574137e+01
8.092006411730103821e+01
7.660410582811911695e+01
7.423292889601063393e+01
7.365340694346529915e+01
7.626758669560436488e+01
7.144023178715663391e+01
7.109264353633732014e+01
6.728174752853007590e+01
7.115981928725190642e+01
6.684253149099184554e+01
6.472438552882753982e+01
6.722174422006328598e+01
6.656743075884098459e+01
6.846957390556988798e+01
7.030956685206363943e+01
6.656426683085742013e+01
6.620619862743298256e+01
7.037683502095556776e+01
6.610664570525165118e+01
6.876461722646072872e+01
6.824977338584365327e+01
6.581816272998005957e+01
6.799940163140708194e+01
6.944425544947966955e+01
7.197891453248631422e+01
7.056612760945972695e+01
7.259549810449998120e+01
7.360044439246446757e+01
7.578802663603966039e+01
7.682395152354307299e+01
7.852607008556360313e+01
7.668870331846970601e+01
7.966260590799943486e+01
8.133219916809524364e+01
8.028067256075046032e+01
8.366166059221052365e+01
8.636908364826476259e+01
8.350194965040125794e+01
8.715423489739319507e+01
8.996093401120737099e+01
8.899880914787331676e+01
9.018935530733735106e+01
8.428468548889894407e+01
8.542728661283801728e+01
8.659077474727149593e+01
8.902504209288376558e+01
8.571334586646207754e+01
8.592522665382662694e+01
8.373558843997693657e+01
8.083567343908836733e+01
8.363460866300350460e+01
8.299028216028064264e+01
8.039969880914733835e+01
7.962550500107700202e+01
8.232600638708041174e+01
8.188549932620850313e+01
8.172935942663509934e+01
7.938095045704186248e+01
8.267380896817442704e+01
7.717614016416484901e+01
7.838204050899523168e+01
7.796866928722516832e+01
7.720565521873399462e+01
7.972561961869290315e+01
7.987595617989606467e+01
8.374198496369643863e+01
8.392652838712461971e+01
7.973933551732480396e+01
7.930970351582399758e+01
7.960744786672793794e+01
7.883257023824792498e+01
7.858218365387892845e+01
8.442866693222923402e+01
7.822627404630054571e+01
7.832655622709064858e+01
8.035473602167698459e+01
8.391265143640197266e+01
8.459172616800901778e+01
8.714435821038453867e+01
8.727427789247306578e+01
8.702145483378602364e+01
8.889564352564036653e+01
9.219783859461119846e+01
8.769130439913558916e+01
8.875217135390137457e+01
9.707960647427718470e+01
1.036904721653726966e+02
1.018146541798781328e+02
1.007874664494725039e+02
1.022142833708797838e+02
1.085798127430537221e+02
1.066281799818330427e+02
1.138130296887724882e+02
1.167807845369965491e+02
1.146995992598921958e+02
1.200097513306520938e+02
1.195930240577637846e+02
1.174276231397759602e+02
1.169735661173986614e+02
1.167503631223951714e+02
1.086806884650774094e+02
1.065788412824310853e+02
1.060504753641352096e+02
1.046977474001498081e+02
1.037635000997978239e+02
1.050339385503444589e+02
1.108424936885950274e+02
1.061948638671617289e+02
1.086091317982260023e+02
1.069163877960664308e+02
1.064614171343874318e+02
1.078543375190211862e+02
1.131317512644359198e+02
1.078386982605393598e+02
1.080108707433049631e+02
1.038874543250806965e+02
1.002295173662728160e+02
1.054039802789617823e+02
1.077417176882672294e+02
1.111049841846629676e+02
1.112051593322300107e+02
1.113821704273641444e+02
1.119596451185237811e+02
1.114438675308220752e+02
1.114385197555277927e+02
1.138903151037462749e+02
1.155435822592361745e+02
1.122325325174792710e+02
1.103105413839643347e+02
1.139701815463121619e+02
1.130276195917383433e+02
1.171466666860212484e+02
1.196850920331773978e+02
1.235213382716119952e+02
1.280041792593767696e+02
1.319289582617733458e+02
1.244006148978251503e+02
1.165622257144345895e+02
1.183299168244726758e+02
1.211784284213234741e+02
1.218746800273943620e+02
1.224839636885026266e+02
1.298342132593542715e+02
1.269046717784452341e+02
1.196789231763876131e+02
1.229589650226024986e+02
1.176905320959632917e+02
1.168013834519272081e+02
1.162306233351077651e+02
1.188075837367438226e+02
1.249426307493771873e+02
1.261164392438004143e+02
1.325814703970046367e+02
1.334983368532651582e+02
1.308069813811924291e+02
1.246269615706932967e+02
1.220749354148905468e+02
1.269149374246291018e+02
1.229355957124929262e+02
1.369644408963900730e+02
1.410560216881218594e+02
1.405073759317066333e+02
1.458418948930388410e+02
1.511970482626794592e+02
1.585461171637827249e+02
1.637705300356471980e+02
1.698662021280630370e+02
1.720427975004418499e+02
1.764610022597603916e+02
1.716740821439611580e+02
1.667992465088345000e+02
1.598604953113111549e+02
1.520617227611646740e+02
1.466128766623522210e+02
1.514462002147338069e+02
1.507373152247789108e+02
1.511088128401866300e+02
1.632128877681928145e+02
1.584467284403440885e+02
1.599131604961867197e+02
1.555030479903010701e+02
1.464842016080734481e+02
1.384902784092278694e+02
1.326481649701047445e+02
1.339059418684895491e+02
1.402789204602769928e+02
1.433741173661056791e+02
1.433505049286916062e+02
1.473051386010999124e+02
1.586952340696209660e+02
1.549687622346417868e+02
1.614291183253651241e+02
1.649010607451220380e+02
1.647603385266332623e+02
1.522257501470991201e+02
1.522250928531542513e+02
1.412315285890438190e+02
1.346004563281605044e+02
1.268673014833685784e+02
1.242639292026967155e+02
1.255810947261985575e+02
1.338696549398242723e+02
1.328411882603735705e+02
1.360302459281954270e+02
1.318007171252301930e+02
1.263059571079944874e+02
1.319103998780683469e+02
1.334066227978948973e+02
1.370886566770641650e+02
1.318573310746709524e+02
1.335698747407460587e+02
1.241793029143077973e+02
1.245888841371680513e+02
1.166624722154528087e+02
1.184511209050959053e+02
1.223051738642680419e+02
1.182310833223378239e+02
1.174901756314236110e+02
1.138206483855722695e+02
1.095117124957720733e+02
1.092553596551207846e+02
1.117868695291365810e+02
1.148434822316584842e+02
1.067697539616442697e+02
1.087082717748036060e+02
9.971528581229097199e+01
1.031120248081162742e+02
1.107071360637965824e+02
1.074267238725908271e+02
1.073291652469642230e+02
1.087257612820114758e+02
1.043340563609482103e+02
1.092794392242717123e+02
1.048299623401631351e+02
1.043502162357368661e+02
1.036053876326989354e+02
1.085927473664302596e+02
1.166890380495785280e+02
1.206935855947269687e+02
1.160698059026729823e+02
1.133734052462487654e+02
1.123305153061477881e+02
1.149003987541877194e+02
1.129999705718755081e+02
1.188609689147285025e+02
1.254432795354084362e+02
1.269736516976537075e+02
1.346378386986731641e+02
1.380982572048293946e+02
1.333976440666609733e+02
1.276973202083562313e+02
1.325832837255825325e+02
1.331631716082691526e+02
1.386288906206741842e+02
1.422072748281682379e+02
1.286685825430523096e+02
1.277984121520437668e+02
1.339045011076074729e+02
1.301160216532150287e+02
1.224388819142046003e+02
1.326089835825715113e+02
1.346453985561975344e+02
1.421259022294974272e+02
1.332630495572370819e+02
1.395315671968308493e+02
1.343069042460556659e+02
1.305579799921096651e+02
1.333528269049068342e+02
1.394996294933992829e+02
1.411188721335691696e+02
1.397576139043655985e+02
1.479695096629004070e+02
1.531039921122373642e+02
1.441100106498332707e+02
1.365901738332064212e+02
1.421496540409452791e+02
1.408419784073567769e+02
1.474766807769345007e+02
1.541468967619385921e+02
1.512378588252786074e+02
1.480210293016060632e+02
1.482831369087016355e+02
1.446316672778521877e+02
1.472993951568677176e+02
1.401672458132940164e+02
1.374352646683889247e+02
1.336893864071916767e+02
1.372050067684191674e+02
1.346744111050487334e+02
1.361221609987709655e+02
1.337160829024475674e+02
1.381656674032527974e+02
1.414327614394737793e+02
1.436936625417254447e+02
1.426889669792660129e+02
1.378423503199778963e+02
1.316457730216960442e+02
1.381672029255481675e+02
1.452393277964673644e+02
1.462537005182017253e+02
1.381198395931203606e+02
1.439736467636818134e+02
1.403436991056210275e+02
1.398462046507513890e+02
1.425036221589356558e+02
1.433796325267766747e+02
1.431416233152302198e+02
1.433647718633461636e+02
1.517820696367157609e+02
1.448311617968805365e+02
1.530147252802206310e+02
1.564486285097609084e+02
1.541281455484903802e+02
1.510257117729421168e+02
1.491103897793917952e+02
1.500605843427662762e+02
1.506904703375872998e+02
1.659797829781672078e+02
1.745494235996113730e+02
1.837282847182360683e+02
1.915262486345594368e+02
1.940870872374564442e+02
1.852269206846454779e+02
1.883043079497692815e+02
2.042165689050174819e+02
2.188443549992527437e+02
2.239012007085935920e+02
2.173983362976076990e+02
2.205225178970384832e+02
2.245111674982397005e+02
2.353083168065894597e+02
2.340011160719705003e+02
2.357337224964527138e+02
2.337639577029216866e+02
2.209104526108771438e+02
2.287716718547585515e+02
2.214944461418076571e+02
2.168358844486118073e+02
1.973517231228401556e+02
2.055269547732229114e+02
2.076223526849476855e+02
2.005135069781665607e+02
2.074074578812170842e+02
1.879240754911074021e+02
1.952499098369083868e+02
1.880253607066723873e+02
1.837617704824279770e+02
1.831904655491785547e+02
1.826184400009197759e+02
1.934785403614191921e+02
1.881280175141686186e+02
1.938473345728823745e+02
1.788751624977721235e+02
1.722563474727978985e+02
1.716712029861028839e+02
1.746168961188601827e+02
1.642494973982103659e+02
1.596443526097110635e+02
1.665344422957720951e+02
1.750900380494947797e+02
1.834795462964100068e+02
1.855369721280740123e+02
1.934598557179327543e+02
1.914160132659410465e+02
1.869013432424898724e+02
1.922365484457127138e+02
1.837695604074138203e+02
1.867777719969427324e+02
1.987766709300745447e+02
1.997681544695579703e+02
1.950648034049704904e+02
1.857955316218609880e+02
1.924042138738712140e+02
1.932420006325067163e+02
1.775242710238611608e+02
1.841707095754589147e+02
1.958324472904310767e+02
2.030800886091036546e+02
2.131990957623002032e+02
2.183719162449094995e+02
2.001464008541687178e+02
2.008994472249068792e+02
1.928792931636099866e+02
1.872332572810011868e+02
1.787332133230564466e+02
1.691985574171502833e+02
1.688808670702118206e+02
1.660340587730558752e+02
1.669809971477972681e+02
1.770700215438114924e+02
1.782843518698175274e+02
1.820968320603800521e+02
1.907969031784296874e+02
1.841147721097020451e+02
1.878470405214275729e+02
1.773445218776500383e+02
1.715930513603426277e+02
1.590637970712055562e+02
1.690061061517592407e+02
1.745445309973599706e+02
1.741717709526283500e+02
1.736288756441109342e+02
1.750586684823339851e+02
1.697118776327131968e+02
1.611648996851789946e+02
1.636955176574478514e+02
1.591664248924123797e+02
1.735715639561107366e+02
1.698160092310972118e+02
1.591349963694731571e+02
1.595632100124052215e+02
1.587320803815151748e+02
1.647050620833842345e+02
1.607051207778922333e+02
1.546933725313456023e+02
1.452805075390552076e+02
1.417885154111524741e+02
1.431583394093174491e+02
1.321016252963598845e+02
1.362972698354520844e+02
1.324318008848793511e+02
1.337064252830181204e+02
1.319806556085845557e+02
1.371268307558802064e+02
1.365351495478954860e+02
1.307542783170479197e+02
1.240250476008438767e+02
1.234641398301551902e+02
1.406235859838760121e+02
1.429251576192719142e+02
1.349397897646248339e+02
1.270060378286575400e+02
1.353654401140899495e+02
1.407326730704075146e+02
1.430879621138325604e+02
1.343384208329747196e+02
1.385456994446570036e+02
1.392170239764236328e+02
1.399543529389302421e+02
1.406059924376553454e+02
1.355551924153465393e+02
1.329269702393577859e+02
1.334098626937828556e+02
1.321832009773356162e+02
1.276491848322156386e+02
1.347879101522891006e+02
1.301707553065989202e+02
1.267630322710150494e+02
1.286929569973729883e+02
1.262360702156603338e+02
1.171974557640636760e+02
1.087928012251286560e+02
1.059269811314803036e+02
1.040005213319111306e+02
1.055686703955326351e+02
1.085793463831132186e+02
1.094943658243570184e+02
1.124294812796451026e+02
1.183628391714505597e+02
1.183047049678754377e+02
1.237918917141888784e+02
1.302420081936440965e+02
1.270154940758630602e+02
1.232058248997005165e+02
1.293129575542665179e+02
1.328871065828319615e+02
1.343469394577636820e+02
1.293940967031122966e+02
1.232629646312188498e+02
1.212350091380633614e+02
1.188848712798498894e+02
1.210219017490267532e+02
1.163977354613300577e+02
1.164112814043783715e+02
1.219886116191177905e+02
1.203551727822631250e+02
1.186086622363315968e+02
1.250290161049948097e+02
1.189174142227085156e+02
1.135331194187670718e+02
1.140306767686214187e+02
1.131396748765574074e+02
1.076708468046916494e+02
1.039425715218378343e+02
9.933538150709486558e+01
9.597779243627844892e+01
9.775983115821068736e+01
9.361020067184652760e+01
9.443989779056727230e+01
9.843909132771830173e+01
1.023945684268403653e+02
9.969851016147697464e+01
9.535216400564608819e+01
1.015177909881391969e+02
9.731161131418699028e+01
1.038195741450740428e+02
1.013013591157431534e+02
9.552233849172492341e+01
8.837247345552206923e+01
9.039470759976579473e+01
9.370046376097873519e+01
9.398488275425410166e+01
9.127936937003812545e+01
9.105242531906577597e+01
8.484279799126763066e+01
8.198124372258351400e+01
8.486928265488634793e+01
8.688552976301983222e+01
9.019495625212759649e+01
8.510802939676088386e+01
8.826845428181684383e+01
8.738636255623963223e+01
8.768996649506451035e+01
8.870539833189830858e+01
8.839230474040630270e+01
8.797199421363846739e+01
8.667459380221806953e+01
8.926446800791332237e+01
8.907314358223158024e+01
8.605040821184772426e+01
8.609115220785882627e+01
8.453240625840727773e+01
8.657049312750271497e+01
8.366326783771174291e+01
8.381672917500475251e+01
7.860730249289780147e+01
7.383792395826824873e+01
7.319066982708078228e+01
7.179661989408410250e+01
7.072585972682443867e+01
7.290149565074587201e+01
6.924102471815106696e+01
6.655167874844531184e+01
6.024218977830248178e+01
6.024435426250345671e+01
5.755805605039179085e+01
5.663226726500788288e+01
5.454464615151072593e+01
5.061905215000479785e+01
5.324375552300590897e+01
5.074089551785309027e+01
5.360478552992863399e+01
5.291276056744688105e+01
5.381022999044969879e+01
5.279534778300637043e+01
5.423516615779928429e+01
5.682945607978383151e+01
5.639279881866411870e+01
5.735371675271431968e+01
5.479806781745575250e+01
5.881880552413501562e+01
5.730550519279301369e+01
6.103594834472338704e+01
5.976243081196155060e+01
6.347122571163825455e+01
6.618672843683073381e+01
6.721497081421985342e+01
6.868699245775950146e+01
7.275939609611231162e+01
6.942677675579528795e+01
6.915555880695977464e+01
6.941823481087085668e+01
6.415027176064204184e+01
6.329287942835000536e+01
6.285067018360064850e+01
6.048887992685949655e+01
6.272999417062059280e+01
6.243775728560188298e+01
6.422986649786639646e+01
6.711977341456960744e+01
7.157166502584496470e+01
7.399833180676048983e+01
7.559403345752076575e+01
7.357765423946052863e+01
7.571923047758191672e+01
7.794802976751024914e+01
8.114765377911326993e+01
8.211376019625404865e+01
8.018525730767252924e+01
8.279973732541610332e+01
8.265967707104223905e+01
8.174671645211955706e+01
7.808794668560138064e+01
7.879571337942209652e+01
7.365545889719267336e+01
7.762326873542740202e+01
7.495204105115165305e+01
7.442265170459083379e+01
7.439147508524945351e+01
7.502795979259826709e+01
7.180394981181296998e+01
6.914404394679006316e+01
6.585921692348848921e+01
6.553128583278322594e+01
6.401059344162516140e+01
6.295313242900829920e+01
6.220433079850774050e+01
6.563692262350224382e+01
6.675566104493944408e+01
6.470222548668726859e+01
6.279069354302506412e+01
6.108149157882758828e+01
5.762482417571787607e+01
5.846210180173984838e+01
5.788647694947032107e+01
5.259892979144801473e+01
5.245941518858678876e+01
5.560407852945562013e+01
5.521375635951994099e+01
5.321526019564289101e+01
5.386810049168558123e+01
5.425209253713043722e+01
5.446633058602395039e+01
5.381591234319275685e+01
5.155772949527957394e+01
5.342305595908383964e+01
5.391463973849011637e+01
5.716699464107534823e+01
5.747564674119781358e+01
5.951533082014651654e+01
6.014003416896315457e+01
6.444014756717754722e+01
5.835381140014574441e+01
5.601722136595832779e+01
6.081593277574793888e+01
6.002159426770009532e+01
6.153899507056148366e+01
6.347754044830988107e+01
6.630877341215888521e+01
6.502064023437240792e+01
6.852245007402608223e+01
7.124417169217100820e+01
7.196810018169361456e+01
6.972975575690651340e+01
6.911844338360782558e+01
6.719353817640319448e+01
6.798857944791930663e+01
7.023369918178705973e+01
7.106315862282470164e+01
6.864590321317520250e+01
7.352866150119649546e+01
7.180246348797909661e+01
6.973762490739386521e+01
6.926566512246135687e+01
6.904550860161778303e+01
6.697622623605772674e+01
6.645771144241403761e+01
6.202457034432669758e+01
6.567936012079928787e+01
6.724166925945347373e+01
7.147025341092667361e+01
7.012669332330422378e+01
7.000763214426577008e+01
7.064637370751016476e+01
6.697259145487761600e+01
6.445920180212112882e+01
6.349950037795589708e+01
6.093957822169784322e+01
5.940913892510472039e+01
5.915971324449595414e+01
5.914671894563610266e+01
6.031870649528287487e+01
5.414194970951692909e+01
5.281382261259146560e+01
4.863068531935625316e+01
5.027207967085357154e+01
4.727767182641787258e+01
4.978248004822015105e+01
5.020287691414949904e+01
5.045330136723915615e+01
5.424047930531738615e+01
5.567692268327298422e+01
5.710742185253138814e+01
6.202578448568866065e+01
6.094611412555420316e+01
6.124050495127018223e+01
6.324176523126139671e+01
7.003609971591647820e+01
6.862622819938059138e+01
6.688636393922352852e+01
6.948285601561215685e+01
6.954205557519651393e+01
6.852348332651969542e+01
7.134362460620329216e+01
7.227486059390200523e+01
7.451496652894263661e+01
7.668621131835564597e+01
7.865825219263057022e+01
7.864394238984226604e+01
7.917781555791925996e+01
7.994775952546979170e+01
8.014971888877137474e+01
7.797412556681861417e+01
8.233780456502414324e+01
8.356104962733056141e+01
8.966057089956214554e+01
9.055413326966254317e+01
9.193979383119864224e+01
9.148906614171751528e+01
9.580575716277756726e+01
9.136003244774130394e+01
9.741378748333113435e+01
1.026400922542048448e+02
9.381008014067745648e+01
9.027454618864940983e+01
9.223401168465338174e+01
9.078791670744931253e+01
8.668148865435739481e+01
8.420876996784444657e+01
9.311765355695696655e+01
8.983833858933768113e+01
9.142100394984990430e+01
9.671358076773927337e+01
9.690179296380955520e+01
9.425288268647589973e+01
9.247614912105269980e+01
9.148144550033293854e+01
8.760006260487229213e+01
8.582613392455807855e+01
8.659659324801083358e+01
8.945582068954576016e+01
8.689383784020621704e+01
8.844184362911398978e+01
8.940254941033828118e+01
9.421930202284607958e+01
9.474735651746453868e+01
1.023031195074613180e+02
1.001429199091127202e+02
9.879262844975546898e+01
9.671239315146279125e+01
1.047790042882423194e+02
1.069438925855681504e+02
1.009159630033436343e+02
1.044367142745799981e+02
1.091327144085164491e+02
1.093930264520083995e+02
1.105290049217439474e+02
1.041496978537476394e+02
1.012230617073082470e+02
1.072350223463942598e+02
1.096144780855446896e+02
1.037839332927994320e+02
1.045935122464797757e+02
1.001415324741912087e+02
9.410903748889788289e+01
9.023115530999204736e+01
9.293054304005487154e+01
9.544081074333766423e+01
9.844077888902215534e+01
1.005157616979707456e+02
1.029755058506314498e+02
9.880789754291538429e+01
9.868555621417580426e+01
9.460037595758679174e+01
9.329428231586643960e+01
8.727335473852063785e+01
8.304852820561828253e+01
7.793217487257035714e+01
7.579599608682647727e+01
8.018349302776839238e+01
8.183631181414796174e+01
8.911189185610501795e+01
9.450036916261288411e+01
9.131851709736159250e+01
8.791351960447759950e+01
8.597898154936838466e+01
8.714803388817762198e+01
8.989606028500404022e+01
9.195172853768215759e+01
8.908726677563332430e+01
8.851182764345666953e+01
8.883605859054884490e+01
9.072252936601341844e+01
9.034331211401375583e+01
9.168713173768499303e+01
9.862209633417397470e+01
9.521347253610939276e+01
9.465604831129803642e+01
8.992538483536640115e+01
9.481581092775002162e+01
9.466551462446656728e+01
9.782463942020906700e+01
9.674894204934211928e+01
9.577197865777964125e+01
9.621794608958251160e+01
9.207563610618319672e+01
9.310440877480121458e+01
8.467371734484314061e+01
8.792981998697983670e+01
8.979441744053487184e+01
9.140006003733540751e+01
8.825814223018180371e+01
9.415869887758312018e+01
9.490336068624630173e+01
9.213904380758346235e+01
9.423124583116491237e+01
9.913771595495494182e+01
1.057576266712743092e+02
1.119157621632727597e+02
1.113887337981918648e+02
1.030411327975340896e+02
1.102927941004247998e+02
1.163952668382001718e+02
1.304760857519059698e+02
1.322946360704170843e+02
1.345516864152394874e+02
1.276448578832365968e+02
1.325739703980399327e+02
1.300545198930013271e+02
1.291882351339727109e+02
1.292806305455143558e+02
1.342246717463207517e+02
1.366856420227660465e+02
1.327217487460066536e+02
1.399972111230706560e+02
1.320484213347306763e+02
1.376729927036724632e+02
1.357029006215918230e+02
1.445831521456669577e+02
1.538067257600890230e+02
1.524687122776195451e+02
1.509426291092622137e+02
1.558632846100853442e+02
1.526255995670991297e+02
1.656518479349188908e+02
1.568945184976332996e+02
1.633476312365699528e+02
1.729958879964593166e+02
1.774939104872356097e+02
1.892951060126954701e+02
1.906170334134887128e+02
1.992026299980690567e+02
2.112618717650038320e+02
2.196794548988459326e+02
2.191898636861955083e+02
2.023515185828650829e+02
2.165487644693939728e+02
2.267372759956233210e+02
2.254283341702265773e+02
2.186544478407857071e+02
2.256436953402717052e+02
2.222281921351165010e+02
2.117257390666083268e+02
2.161104864326129018e+02
2.187197475959498831e+02
2.172640858516077742e+02
2.208743561965487743e+02
2.261070327962538045e+02
2.091871804932662826e+02
2.107357088929234976e+02
2.064383701352781202e+02
2.170976909410660767e+02
2.092869920515281024e+02
2.184545875113940667e+02
2.202478383120535455e+02
2.235088043141713854e+02
2.210125574019100725e+02
2.171059838680940572e+02
2.088158644990837445e+02
2.072142510080305442e+02
2.232340954467129563e+02
2.345378651402589014e+02
2.451819422836161380e+02
2.459175278173889296e+02
2.439660613370493252e+02
2.202911494285800131e+02
2.189659833227256343e+02
2.239843834730632750e+02
2.084531459095665298e+02
2.179442297968249420e+02
2.208969882308751380e+02
2.296658296405670399e+02
2.261204395165570133e+02
2.141073548705237783e+02
2.203518203361486769e+02
2.177600453239897718e+02
2.170170690670131535e+02
2.137732987720445408e+02
2.223425105372047028e+02
2.244560836667172055e+02
2.239256765697678304e+02
2.146122835226702250e+02
2.059908137956057601e+02
2.104688032258549129e+02
2.035894788019570285e+02
2.036322715376237511e+02
2.113424098341353954e+02
1.905925015261220778e+02
1.877645889149953007e+02
2.044067502266432257e+02
2.014515784960340454e+02
2.143330828782310959e+02
2.250840023456104291e+02
2.391717592494588871e+02
2.459006396328921369e+02
2.448753363851309928e+02
2.320762230263821664e+02
2.527774124492141254e+02
2.773599743308204779e+02
2.705391936292122068e+02
2.775630486154649361e+02
2.835420430514110990e+02
3.004408816997978420e+02
2.979712902632710438e+02
2.929550507074402503e+02
2.954561167293475705e+02
2.789868250419889932e+02
2.739327438328355697e+02
2.633830122003847691e+02
2.695547111206391264e+02
2.611207569505496622e+02
2.415293907972198042e+02
2.383872984957202448e+02
2.446865158216733676e+02
2.274565093353775183e+02
2.200759735859584794e+02
2.239537580428948331e+02
2.163733442025425973e+02
2.026282126815418962e+02
1.816623784310276619e+02
1.774028837929008375e+02
1.796672336427222945e+02
1.797089085772365138e+02
1.744212018722271296e+02
1.724936348995380229e+02
1.730366708251648902e+02
1.730167624696768200e+02
1.854725481753432632e+02
1.850116880284805632e+02
1.812485072058847209e+02
1.955161378315787317e+02
1.866248408970441517e+02
2.083258375059969580e+02
1.962953888889137488e+02
2.020415557685324757e+02
1.933676312131980524e+02
1.903263525377239205e+02
1.955336112318997834e+02
2.029081697373802342e+02
1.884231960024837917e+02
1.917236188495078579e+02
1.848447495706888049e+02
1.774409261046743609e+02
1.650729067343594352e+02
1.700294497155889246e+02
1.537386230349599145e+02
1.558295735308448968e+02
1.401710405957896910e+02
1.369317498230023773e+02
1.377765841710369727e+02
1.327366699969564934e+02
1.296069831450963648e+02
1.278365513618066842e+02
1.303425089272053583e+02
1.343976634907395464e+02
1.338487370979770219e+02
1.295055110971549368e+02
1.332042827603673345e+02
1.327872423708186318e+02
1.366774782635254155e+02
1.306914420799805896e+02
1.327811070549549015e+02
1.386404814214004091e+02
1.383405102416006400e+02
1.421289377593989798e+02
1.432473800734522626e+02
1.333533213382658573e+02
1.346203459467835444e+02
1.353132756797363356e+02
1.289086275042909904e+02
1.326386411746682370e+02
1.314952784135507784e+02
1.326602318401303080e+02
1.209243784417042065e+02
1.246261249879552082e+02
1.243694134693727023e+02
1.293409041582417274e+02
1.442955505061424333e+02
1.500166611663330514e+02
1.526318843254922513e+02
1.503871815716236711e+02
1.452607938722023846e+02
1.523759331453636321e+02
1.580958325617169180e+02
1.534057418944515518e+02
1.552790397651882870e+02
1.539796762128783314e+02
1.519469300301064436e+02
1.474581318968845665e+02
1.450118728770362395e+02
1.478385506049246771e+02
1.416187298327058670e+02
1.386911241315054895e+02
1.501765177080591798e+02
1.524088764183628086e+02
1.558953654197590595e+02
1.531924012059900235e+02
1.456149858231940470e+02
1.565396917194590003e+02
1.664937762222359652e+02
1.637086209425859806e+02
1.594298821116272507e+02
1.545121884261767775e+02
1.531822378498616217e+02
1.455527179470135479e+02
1.401627990283080862e+02
1.425613188983193140e+02
1.557276040018286380e+02
1.520095700431143371e+02
1.520437463013647914e+02
1.461387022117650645e+02
1.491470156020170350e+02
1.463683428001031075e+02
1.467017130749993612e+02
1.482115144469915151e+02
1.376301254004872590e+02
1.323167228030341676e+02
1.356890545486435826e+02
1.246869328670106398e+02
1.260614225503085351e+02
1.258098287197049956e+02
1.313360931955406272e+02
1.312880134716246516e+02
1.341002106139719672e+02
1.274178472370611956e+02
1.216665892528853021e+02
1.185039593381377188e+02
1.181261942606685977e+02
1.188380549568561833e+02
1.186801980338227196e+02
1.225973961954411777e+02
1.239506385058962366e+02
1.215543253526301299e+02
1.200335614588292401e+02
1.264963110102673767e+02
1.320056244243688752e+02
1.256362336097882917e+02
1.178861226697713533e+02
1.168295867686706089e+02
1.184513361307512298e+02
1.085159221843270245e+02
1.062124590901038346e+02
1.133466327989190034e+02
1.168414935324410351e+02
1.223311329050552558e+02
1.241044758514807000e+02
1.159054232457795877e+02
1.224340902179335728e+02
1.179693516585795265e+02
1.230741044867055649e+02
1.247314738580068791e+02
1.154065858740709416e+02
1.164681730197822844e+02
1.203302406528285502e+02
1.234876438384557673e+02
1.256202356457167042e+02
1.188896107144641263e+02
1.229226841755366166e+02
1.315015318578685140e+02
1.348780216984239644e+02
1.315434769261646579e+02
1.284274860779711389e+02
1.356766913420819662e+02
1.304986299325331345e+02
1.279943788344927924e+02
1.333237127069763517e+02
1.323315705095488681e+02
1.325653761708875038e+02
1.301343893532927325e+02
1.291842330350840484e+02
1.385228104443601467e+02
1.394987559177727405e+02
1.331054323913281223e+02
1.290760498298664345e+02
1.221848295693303754e+02
1.225324789827867704e+02
1.186505905671916565e+02
1.209468284568341687e+02
1.181871474146688712e+02
1.163877857480942168e+02
1.134479959275650316e+02
1.092307630797306643e+02
1.048970205615078015e+02
1.075193471014224116e+02
1.025583076347608369e+02
9.560921952422553716e+01
9.511977310619464276e+01
1.010484943666481428e+02
9.904253020470470403e+01
9.691589842631587715e+01
9.407626033612736194e+01
9.671897667915773411e+01
9.453370556055483576e+01
8.936104693138803157e+01
8.786636661065847420e+01
8.710569651925837320e+01
8.878269869587556684e+01
8.824951155774165557e+01
8.449294589266339983e+01
8.202246522383151728e+01
7.772726520124665228e+01
8.227264292959928582e+01
8.320475065261973668e+01
9.041777933895893682e+01
9.020612901474260070e+01
9.364617602464663548e+01
9.770290621845245482e+01
9.868132309047294370e+01
9.840934065775059025e+01
9.429728295910939551e+01
9.052127345461634889e+01
1.005961546791281336e+02
9.868389055499797280e+01
1.020263142955587767e+02
9.689711907207191643e+01
8.963603749065585191e+01
9.133434561908904925e+01
9.576711290904488294e+01
9.784628310396868756e+01
9.762228926143214380e+01
9.415964016331631115e+01
9.590358356531953632e+01
1.008324813399204629e+02
1.032462741196405176e+02
1.073847334238790978e+02
1.133716501587148144e+02
1.188797303780314110e+02
1.194421670051158770e+02
1.175387455189526378e+02
1.097983192743068628e+02
1.095624417840955260e+02
1.089080854468596016e+02
1.037100971830729605e+02
1.090727501331219145e+02
1.140721958695936422e+02
1.035503043065636604e+02
1.041844285041535016e+02
1.022928849761746761e+02
9.852593622575906807e+01
1.061557314074425875e+02
1.003317991587581588e+02
1.019992161568274724e+02
1.027954194328316504e+02
1.062683874167740754e+02
1.153864867084510166e+02
1.106674372648659670e+02
1.099142769995001885e+02
1.075639197792401802e+02
1.122453725554390758e+02
1.100643556923239572e+02
1.057774640535291013e+02
1.088465717087577360e+02
1.035611429310319522e+02
1.010716975142888572e+02
9.927893037648003371e+01
9.915139122569580366e+01
1.050324077775576370e+02
1.000816886243162003e+02
1.000148800053882781e+02
1.053233469649843528e+02
1.035600246277093532e+02
9.967055587739595524e+01
1.078920496464767780e+02
1.132625237154127262e+02
1.161782908274126385e+02
1.141037317129832189e+02
1.151063120772652582e+02
1.198572763919208484e+02
1.250878950048460609e+02
1.218608022143127982e+02
1.185556686181584780e+02
1.201645241414349954e+02
1.112271290225481692e+02
1.080969517080000202e+02
1.037892138564988471e+02
1.099332108024939743e+02
1.123091921925155248e+02
1.118778489885992258e+02
1.086979655301944092e+02
1.085419233160074697e+02
1.033074611800094544e+02
9.870248080457852780e+01
9.622519749383832277e+01
9.592684330426033057e+01
1.024751860177844094e+02
1.065421636125353757e+02
1.050051616835710036e+02
9.518373561576646580e+01
9.420943448815062027e+01
1.000751849904368243e+02
1.114934997840845057e+02
1.131702776058636317e+02
1.166644206731373714e+02
1.161258238058866255e+02
1.093573716689792121e+02
1.089753564930042700e+02
1.122819236337038831e+02
1.112831539822334861e+02
1.097199701128627254e+02
1.073395721336956257e+02
1.148610091092177328e+02
1.140041094867678595e+02
1.159156642702040330e+02
1.185560932151531972e+02
1.172845470859419663e+02
1.173936710231809712e+02
1.183875396639301130e+02
1.184200658278774938e+02
1.175200854708126883e+02
1.123136085065467569e+02
1.151448562917968275e+02
1.220956441251018134e+02
1.190598833497017921e+02
1.204165609253927585e+02
1.259053537704349424e+02
1.304368978247433120e+02
1.315386182978456020e+02
1.371297979285531596e+02
1.258893167009961331e+02
1.204679652550501316e+02
1.137724725750889974e+02
1.142119257689757319e+02
1.183239484162056954e+02
1.219943822892094687e+02
1.185790966508399862e+02
1.160005320874431050e+02
1.196328402321281601e+02
1.126834287900844771e+02
1.146539407416887428e+02
1.187852245426022222e+02
1.223403696721056235e+02
1.269382023346174861e+02
1.265008223966516567e+02
1.307111361769068765e+02
1.201471548424689360e+02
1.207834609917131417e+02
1.199676260485092882e+02
1.186173952916809782e+02
1.146594884794999416e+02
1.127563898008744445e+02
1.172959471783311898e+02
1.140601226478387247e+02
1.180237461552498957e+02
1.224107551062148076e+02
1.258461118578996718e+02
1.207077587400876695e+02
1.192193779766145809e+02
1.192213043919388440e+02
1.222252582841402244e+02
1.241997582962436724e+02
1.317940236564878660e+02
1.207449181374195462e+02
1.165698058131539625e+02
1.166838985485862707e+02
1.044657276647602799e+02
1.116058167074024823e+02
1.056598500126216891e+02
1.132359763145105518e+02
1.131992753537987682e+02
1.013538360528293936e+02
9.639213660878739631e+01
1.063606788034717994e+02
1.016211817256304073e+02
8.949203570357092019e+01
8.775716948275072582e+01
8.845092859140886787e+01
8.842812402423858487e+01
8.748558707153499370e+01
9.362797828132815425e+01
9.443595608767421368e+01
9.260157293436242298e+01
9.062023785374678653e+01
9.212384976493871136e+01
9.141834856098178363e+01
9.628586654790856869e+01
9.779916935359190688e+01
9.453492862480339909e+01
9.710048778303431050e+01
9.094585505071842135e+01
9.502613019004604666e+01
9.854926026738786504e+01
9.491777310202044760e+01
9.368106091927762691e+01
9.298689080496205861e+01
9.470399054511570114e+01
9.674780641095789235e+01
9.717674394434568796e+01
9.359706187143758882e+01
9.343000240917908172e+01
