1.738821029555022903e+02 3.721251948055040657e+02 3.988686128961363764e+00 1.938145433747385793e-01
1.804572927840605701e+02 3.804091648059382464e+02 3.567567057097321026e+00 2.033394026324135129e-01
1.901502622138577578e+02 4.085955713230374045e+02 3.007473029878009019e+00 2.116732490161651326e-01
1.860306105053731756e+02 4.002248614273748331e+02 3.675408405022742020e+00 2.359173607655797589e-01
1.725239360656780718e+02 3.738690887695599372e+02 4.433942908573582642e+00 1.997723579799401683e-01
1.712010125610739522e+02 3.699277020749986491e+02 4.190646406364697540e+00 1.975197272369399459e-01
1.739033193790599796e+02 3.719232801787925382e+02 4.227926036004871158e+00 2.230681799757309458e-01
1.849185978425655605e+02 3.943739159211779679e+02 3.455473503873694785e+00 2.079647800256778090e-01
1.832914169968613010e+02 3.952862440695343480e+02 3.446983072710929186e+00 2.259897543879632320e-01
1.806906193007898196e+02 3.944868333900906805e+02 3.740970764955136030e+00 2.090943509759360108e-01
1.845281838290193832e+02 3.980188903529013373e+02 3.457561536570685323e+00 2.187837980293196594e-01
1.828600176698091104e+02 3.917902138671057060e+02 3.559911087801822305e+00 2.361436566618134725e-01
1.751960470132404453e+02 3.837895392973783260e+02 3.934486850965078109e+00 2.011714026539144495e-01
