1.844425247698507064e+02 4.023825752259978685e+02 3.401805570506889254e+00 2.241880592547852991e-01
1.727131398361362358e+02 3.739231748328801359e+02 4.540510204928026816e+00 2.309914674084113939e-01
1.775505971951115214e+02 3.910341749009306795e+02 3.653862312848693783e+00 2.072266157281828780e-01
1.775101663961532097e+02 3.860384043430055954e+02 4.215950589088265588e+00 2.496344116350688869e-01
1.848956899746699776e+02 3.850711161751440841e+02 3.699365513223693558e+00 2.602491613902588319e-01
1.727369827004219758e+02 3.770641866419691723e+02 4.154591757535913921e+00 1.971989940758856752e-01
1.790859052500082669e+02 3.831396615357359678e+02 3.876971795930384435e+00 2.285454878579710747e-01
1.743502089295249675e+02 3.766012517515538320e+02 3.864249236081731542e+00 1.889426595761201366e-01
1.684197597493517549e+02 3.645766422833247020e+02 4.624645854390995403e+00 2.115905688445394728e-01
1.709401086926871471e+02 3.633286624136629257e+02 4.340028869138288670e+00 2.013523117100148585e-01
1.759968684542405697e+02 3.736500486502679905e+02 4.041762779733343081e+00 2.289872484759011562e-01
1.807224762550812613e+02 3.878016312493917326e+02 3.008372077896283692e+00 1.560113591482473749e-01
1.719425910048134085e+02 3.772641592227769252e+02 4.054850648370005750e+00 1.871802198004806073e-01
