1.770046564062762968e+02 3.833458170370685707e+02 4.588449302439737032e+00 2.412052404969686203e-01
1.774806207470817299e+02 3.815356648099828476e+02 3.899457645383795246e+00 2.378947083087506464e-01
1.732833848189648336e+02 3.738406417501072383e+02 4.933202307587038149e+00 2.576862504139746379e-01
1.811824510825784103e+02 3.887302512422724590e+02 4.173194527489989092e+00 2.919873876248041400e-01
1.713000939433263454e+02 3.707200638095906129e+02 3.769943639879383301e+00 1.444257079863071336e-01
1.727298937598777968e+02 3.775010426091976683e+02 4.352108585333853696e+00 2.010947777245095658e-01
1.766224551390728834e+02 3.782317530055696579e+02 4.199886102496237505e+00 2.342750290632244770e-01
1.823714909872368253e+02 3.985970665574718055e+02 3.946496463499409302e+00 2.409993874084198628e-01
1.819070087395564883e+02 3.898144313649730748e+02 3.193089705968213732e+00 1.856497653109699386e-01
1.730024443590281180e+02 3.734264572635105992e+02 4.318175593607631590e+00 2.176341960638325801e-01
1.781392738226451229e+02 3.863411115897997661e+02 3.905375172240248105e+00 2.125313440937002807e-01
1.790753710485635679e+02 3.838295407660419869e+02 3.737336791122225055e+00 2.212690947224595639e-01
1.790307331701706630e+02 3.732359747339527303e+02 3.895108682855882964e+00 2.523420739581234695e-01
