1.767004152955240386e+02 3.704764758468980403e+02 5.072186792948130574e+00 3.132288047648261187e-01
1.671486514248643402e+02 3.828099275696154109e+02 4.814421220909573584e+00 1.768608062435262640e-01
1.714465423047018646e+02 3.725571684056056370e+02 4.267079001720612830e+00 1.545200382138461892e-01
1.752902109351120998e+02 3.791574438767116249e+02 4.348010530991538225e+00 2.653840397795544925e-01
1.733560143057687526e+02 3.708813812891726229e+02 4.053464944840708739e+00 2.024643183929893120e-01
1.913243432965987836e+02 4.004258862688000136e+02 4.024006819340978147e+00 3.748722642719952147e-01
1.730107847482266550e+02 3.736288217785698293e+02 4.290898211199851708e+00 2.641902353115648805e-01
1.911161068665646212e+02 4.047172550852051245e+02 2.961445829805987806e+00 2.400213458123603150e-01
1.741824909681468512e+02 3.728566472639713538e+02 3.962594546302257825e+00 2.178395760723927377e-01
1.769949592401921450e+02 3.803708709985771179e+02 4.149607540190228150e+00 2.332276101559954684e-01
1.832513772514818129e+02 3.960803824047208082e+02 2.910677182919032546e+00 1.693972543528778352e-01
1.823654816419762597e+02 3.772517755754886366e+02 4.568473653052326000e+00 3.612796676180416444e-01
1.721022874753282395e+02 3.746969788178722638e+02 4.594480120737478579e+00 2.371888252455875423e-01
