1.730526823441291526e+02 3.757580543134320123e+02 3.931597137660691743e+00 1.702446852032412361e-01
1.769302213569420985e+02 3.871010701072124789e+02 3.565889589999805764e+00 1.587298286361396582e-01
1.676263949000569085e+02 3.645165198799886639e+02 5.572588798509912955e+00 2.525186904995210257e-01
1.804291186927615058e+02 3.893158802928126079e+02 4.194203050513704234e+00 2.525408211268718173e-01
1.808411908355674882e+02 3.867335581605966013e+02 4.033990731282782960e+00 2.556810089876163650e-01
1.751002370572339828e+02 3.730745680008374734e+02 4.726900205734763105e+00 2.440951458214684344e-01
1.774121045214142214e+02 3.838654761329593725e+02 4.947729243894385398e+00 2.986213155460660240e-01
1.773656862543857073e+02 3.757048321354161544e+02 4.281260661751227659e+00 2.363483068607181714e-01
1.745141301407736307e+02 3.741943967237158972e+02 4.841263981530216753e+00 2.609355894702573564e-01
1.766175752458829322e+02 3.828741391203439548e+02 4.165714033125588855e+00 2.268144654367630075e-01
1.725171292482377225e+02 3.662861045459319485e+02 4.546938468178757020e+00 2.182947407431886921e-01
1.755670619284555016e+02 3.727092793668737158e+02 4.332348465320310815e+00 2.420869190470118504e-01
1.757661249521537741e+02 3.702618281194784231e+02 4.323415038440952429e+00 2.420236868730895052e-01
