1.848947579746768781e+02 4.001267239725476088e+02 3.644092476591690222e+00 2.447716085391153373e-01
1.754963843397592598e+02 3.741046501897010899e+02 5.027383639490953016e+00 2.940522177550389249e-01
1.817403443542878563e+02 3.901596854771515837e+02 3.673961600176334663e+00 2.279966414923693674e-01
1.746505181905297377e+02 3.826456365366864247e+02 4.127070093505375681e+00 2.152804307825148256e-01
1.714058933017711013e+02 3.703517428129949849e+02 3.641857689463768644e+00 1.367230484361881271e-01
1.687063283570356305e+02 3.524390734212846610e+02 4.011464453187357115e+00 1.827474560582798835e-01
1.771125478927073686e+02 3.873402450265921289e+02 3.564649211114890193e+00 1.783802529417023996e-01
1.836248505881735582e+02 3.829868568635196198e+02 3.904024987525350987e+00 2.694161255439191383e-01
1.677659181706034701e+02 3.890085996546246179e+02 5.485380474782136417e+00 2.342555722677813201e-01
1.814533417857848008e+02 3.899108501875321053e+02 3.528987704757876820e+00 2.416962813838705038e-01
1.797521871131610567e+02 3.708378236703436528e+02 4.735292221547392266e+00 3.263060049411991015e-01
1.636155582575841834e+02 3.991893260260783904e+02 4.686538166741313738e+00 1.462440707570383802e-01
1.840890894866160465e+02 3.789804381574582521e+02 3.518042595368392256e+00 2.330335524688229576e-01
