1.745527698085002726e+02 3.742816519031845814e+02 5.189999782302742837e+00 2.955449321279057795e-01
1.859471208741319685e+02 3.990022443081784900e+02 3.137534832554798037e+00 1.974674486563622877e-01
1.745175136980141986e+02 3.744015995833632928e+02 5.209434669110152072e+00 3.182982029864103168e-01
1.729136110286310952e+02 3.689323833957612351e+02 4.202489853212745707e+00 2.064520017972816257e-01
1.708194076861179269e+02 3.652896421775482736e+02 4.130206549017110262e+00 1.867637891247015680e-01
1.887607720608395994e+02 4.008859378425142950e+02 3.643609289949989005e+00 2.844768108090132697e-01
1.768488835236625505e+02 3.697104740633358801e+02 3.934616151143256246e+00 2.325681734900921782e-01
1.758408653265700252e+02 3.817255955684147466e+02 3.967068991701121483e+00 1.923409817391948107e-01
1.769501632662395139e+02 3.772513908427874298e+02 3.904422525358207885e+00 2.485189042803944703e-01
1.722075393431750854e+02 3.593963488423940476e+02 4.064188770002576945e+00 2.019968438687042289e-01
1.786472818204148325e+02 3.829619900951728368e+02 4.629852686754713176e+00 2.870762507928077412e-01
1.635008953005896899e+02 3.964063238327139516e+02 4.312464398836882928e+00 1.402029845453490187e-01
1.756103326652596479e+02 3.830446248329515697e+02 3.945656805742744133e+00 1.904097644527807665e-01
