1.734621637320770446e+02 3.708571317063481843e+02 4.206710588894459590e+00 1.895162801166354050e-01
1.784937037496353582e+02 3.827670911844572288e+02 4.244500006239474210e+00 2.502641225804825842e-01
1.741067157556413463e+02 3.778340189180045172e+02 4.131854735421733871e+00 2.257237744150758507e-01
1.801406173956170846e+02 3.752104392589078543e+02 4.669177382551165323e+00 3.458383696418431685e-01
1.834100141499052938e+02 3.834535755324454271e+02 3.755142308903109960e+00 2.418560853336135241e-01
1.711095138717375335e+02 3.708790248461219790e+02 3.679702906527618556e+00 1.655212339435819524e-01
1.826716084627327064e+02 3.889619949932525742e+02 3.779717191097941686e+00 2.539594916870275276e-01
1.871602620386132969e+02 3.880114223969412706e+02 4.270128449168777429e+00 3.206787322327261380e-01
1.758576033661246356e+02 3.885907048423212018e+02 4.023303557276523890e+00 1.832647633224935846e-01
1.771074866726616506e+02 3.803505437587762685e+02 4.284539636718138311e+00 2.569311581500947073e-01
1.870818689048694239e+02 3.979377657173630496e+02 3.392358436877556560e+00 2.356027647635176303e-01
1.758041168896145336e+02 3.762657160424736276e+02 3.869185858170518078e+00 2.002945057669564821e-01
1.805529766418027862e+02 3.899118953615299574e+02 3.667390337583523952e+00 2.189979305531778997e-01
